Date,Open,High,Low,Close,Adj Close,Volume
2016-04-28 00:00:00,24.25,24.25,24.020000457763672,24.09000015258789,21.29746437072754,8400
2016-04-29 00:00:00,24.209999084472656,24.209999084472656,23.959999084472656,24.06999969482422,21.279788970947266,23100
2016-05-02 00:00:00,24.239999771118164,24.239999771118164,24.049999237060547,24.049999237060547,21.262104034423828,2000
2016-05-03 00:00:00,23.809999465942383,23.84000015258789,23.780000686645508,23.790000915527344,21.032241821289062,18200
2016-05-04 00:00:00,23.8799991607666,23.8799991607666,23.690000534057617,23.729999542236328,20.979198455810547,4100
2016-05-05 00:00:00,23.93000030517578,23.93000030517578,23.6299991607666,23.709999084472656,20.961519241333008,9000
2016-05-06 00:00:00,23.709999084472656,23.799999237060547,23.709999084472656,23.770000457763672,21.01456642150879,11300
2016-05-09 00:00:00,23.649999618530273,23.649999618530273,23.530000686645508,23.56999969482422,20.837745666503906,4500
2016-05-10 00:00:00,23.68000030517578,23.790000915527344,23.68000030517578,23.770000457763672,21.01456642150879,2900
2016-05-11 00:00:00,23.799999237060547,23.84000015258789,23.760000228881836,23.760000228881836,21.005722045898438,11200
2016-05-12 00:00:00,23.75,23.770000457763672,23.709999084472656,23.770000457763672,21.01456642150879,1300
2016-05-13 00:00:00,23.809999465942383,23.809999465942383,23.600000381469727,23.68000030517578,20.934993743896484,68500
2016-05-16 00:00:00,23.8700008392334,23.889999389648438,23.829999923706055,23.8799991607666,21.11180877685547,2100
2016-05-17 00:00:00,23.959999084472656,23.969999313354492,23.790000915527344,23.860000610351562,21.094125747680664,4200
2016-05-18 00:00:00,23.959999084472656,23.959999084472656,23.549999237060547,23.6200008392334,20.88195037841797,7800
2016-05-19 00:00:00,23.559999465942383,23.559999465942383,23.3700008392334,23.510000228881836,20.784704208374023,9500
2016-05-20 00:00:00,23.559999465942383,23.610000610351562,23.549999237060547,23.610000610351562,20.873111724853516,6900
2016-05-23 00:00:00,23.6299991607666,23.6299991607666,23.540000915527344,23.549999237060547,20.82006072998047,2900
2016-05-24 00:00:00,23.670000076293945,23.670000076293945,23.600000381469727,23.610000610351562,20.873111724853516,9200
2016-05-25 00:00:00,23.770000457763672,23.84000015258789,23.729999542236328,23.829999923706055,21.067611694335938,3300
2016-05-26 00:00:00,23.860000610351562,23.899999618530273,23.809999465942383,23.809999465942383,21.0499267578125,2900
2016-05-27 00:00:00,23.81999969482422,23.90999984741211,23.75,23.809999465942383,21.0499267578125,11300
2016-05-31 00:00:00,24.079999923706055,24.079999923706055,23.700000762939453,23.75,20.99687957763672,4500
2016-06-01 00:00:00,23.68000030517578,23.770000457763672,23.68000030517578,23.760000228881836,21.005722045898438,5600
2016-06-02 00:00:00,23.770000457763672,23.809999465942383,23.690000534057617,23.770000457763672,21.01456642150879,18400
2016-06-03 00:00:00,23.959999084472656,24.06999969482422,23.93000030517578,24.049999237060547,21.262104034423828,12400
2016-06-06 00:00:00,24.149999618530273,24.209999084472656,24.139999389648438,24.170000076293945,21.36819076538086,6400
2016-06-07 00:00:00,24.34000015258789,24.389999389648438,24.299999237060547,24.360000610351562,21.53616714477539,7200
2016-06-08 00:00:00,24.25,24.549999237060547,24.25,24.489999771118164,21.651098251342773,4900
2016-06-09 00:00:00,24.549999237060547,24.549999237060547,24.34000015258789,24.450000762939453,21.615734100341797,5300
2016-06-10 00:00:00,24.229999542236328,24.229999542236328,24.1299991607666,24.149999618530273,21.350513458251953,3000
2016-06-13 00:00:00,24.1299991607666,24.170000076293945,24.040000915527344,24.040000915527344,21.253263473510742,2000
2016-06-14 00:00:00,23.8700008392334,23.93000030517578,23.850000381469727,23.889999389648438,21.120649337768555,6700
2016-06-15 00:00:00,24.020000457763672,24.100000381469727,23.969999313354492,23.969999313354492,21.191375732421875,4700
2016-06-16 00:00:00,23.860000610351562,23.940000534057617,23.850000381469727,23.90999984741211,21.13833236694336,41800
2016-06-17 00:00:00,23.920000076293945,24.079999923706055,23.920000076293945,24.06999969482422,21.279788970947266,4600
2016-06-20 00:00:00,24.290000915527344,24.40999984741211,24.290000915527344,24.290000915527344,21.474285125732422,11100
2016-06-21 00:00:00,24.389999389648438,24.389999389648438,24.18000030517578,24.25,21.438919067382812,6300
2016-06-22 00:00:00,24.389999389648438,24.389999389648438,24.209999084472656,24.25,21.438919067382812,12200
2016-06-23 00:00:00,24.559999465942383,24.559999465942383,24.389999389648438,24.469999313354492,21.63341522216797,4900
2016-06-24 00:00:00,24.209999084472656,24.209999084472656,23.860000610351562,23.860000610351562,21.094125747680664,13900
2016-06-27 00:00:00,23.799999237060547,23.799999237060547,23.549999237060547,23.639999389648438,20.899627685546875,14700
2016-06-28 00:00:00,23.850000381469727,24.059999465942383,23.850000381469727,24.059999465942383,21.270946502685547,10900
2016-06-29 00:00:00,24.1200008392334,24.40999984741211,24.1200008392334,24.350000381469727,21.527326583862305,37300
2016-06-30 00:00:00,24.3799991607666,24.3799991607666,24.18000030517578,24.34000015258789,21.62059783935547,4400
2016-07-01 00:00:00,24.469999313354492,24.540000915527344,24.459999084472656,24.5,21.762718200683594,4400
2016-07-05 00:00:00,24.600000381469727,24.600000381469727,24.25,24.329999923706055,21.611713409423828,3400
2016-07-06 00:00:00,24.3799991607666,24.3799991607666,24.170000076293945,24.3700008392334,21.647247314453125,30500
2016-07-07 00:00:00,24.290000915527344,24.350000381469727,24.079999923706055,24.079999923706055,21.389644622802734,2800
2016-07-08 00:00:00,24.290000915527344,24.420000076293945,24.290000915527344,24.420000076293945,21.69165802001953,3700
2016-07-11 00:00:00,24.639999389648438,24.639999389648438,24.479999542236328,24.489999771118164,21.75383758544922,5700
2016-07-12 00:00:00,24.6200008392334,24.68000030517578,24.6200008392334,24.670000076293945,21.913726806640625,2200
2016-07-13 00:00:00,24.799999237060547,24.799999237060547,24.610000610351562,24.6200008392334,21.86931037902832,37600
2016-07-14 00:00:00,24.84000015258789,24.84000015258789,24.68000030517578,24.719999313354492,21.9581356048584,2800
2016-07-15 00:00:00,24.56999969482422,24.600000381469727,24.56999969482422,24.600000381469727,21.851551055908203,800
2016-07-18 00:00:00,24.6299991607666,24.6299991607666,24.610000610351562,24.610000610351562,21.860424041748047,700
2016-07-19 00:00:00,24.75,24.75,24.479999542236328,24.549999237060547,21.807132720947266,1400
2016-07-20 00:00:00,24.65999984741211,24.65999984741211,24.440000534057617,24.510000228881836,21.771602630615234,104700
2016-07-21 00:00:00,24.760000228881836,24.760000228881836,24.459999084472656,24.459999084472656,21.727188110351562,6500
2016-07-22 00:00:00,24.68000030517578,24.68000030517578,24.43000030517578,24.479999542236328,21.74495506286621,8700
2016-07-25 00:00:00,24.639999389648438,24.639999389648438,24.309999465942383,24.3799991607666,21.6561279296875,1200
2016-07-26 00:00:00,24.329999923706055,24.399999618530273,24.329999923706055,24.399999618530273,21.673892974853516,5000
2016-07-27 00:00:00,24.520000457763672,24.520000457763672,24.25,24.34000015258789,21.62059783935547,5400
2016-07-28 00:00:00,24.3799991607666,24.40999984741211,24.31999969482422,24.389999389648438,21.665010452270508,2700
2016-07-29 00:00:00,24.399999618530273,24.559999465942383,24.399999618530273,24.549999237060547,21.807132720947266,3700
2016-08-01 00:00:00,24.65999984741211,24.65999984741211,24.329999923706055,24.3700008392334,21.647247314453125,3700
2016-08-02 00:00:00,24.520000457763672,24.520000457763672,24.229999542236328,24.299999237060547,21.58506965637207,6400
2016-08-03 00:00:00,24.299999237060547,24.31999969482422,24.149999618530273,24.31999969482422,21.602834701538086,4700
2016-08-04 00:00:00,24.350000381469727,24.450000762939453,24.34000015258789,24.440000534057617,21.70941925048828,3300
2016-08-05 00:00:00,24.360000610351562,24.459999084472656,24.360000610351562,24.440000534057617,21.70941925048828,9600
2016-08-08 00:00:00,24.579999923706055,24.600000381469727,24.559999465942383,24.559999465942383,21.816015243530273,1900
2016-08-09 00:00:00,24.65999984741211,24.65999984741211,24.559999465942383,24.6200008392334,21.86931037902832,7900
2016-08-10 00:00:00,24.65999984741211,24.700000762939453,24.559999465942383,24.579999923706055,21.833782196044922,5800
2016-08-11 00:00:00,24.670000076293945,24.670000076293945,24.549999237060547,24.6299991607666,21.878192901611328,13800
2016-08-12 00:00:00,24.780000686645508,24.780000686645508,24.6200008392334,24.65999984741211,21.904848098754883,3200
2016-08-15 00:00:00,24.760000228881836,24.799999237060547,24.75,24.75,21.984786987304688,1600
2016-08-16 00:00:00,24.780000686645508,24.799999237060547,24.719999313354492,24.770000457763672,22.00255584716797,19100
2016-08-17 00:00:00,24.829999923706055,24.829999923706055,24.690000534057617,24.799999237060547,22.029205322265625,7400
2016-08-18 00:00:00,25.010000228881836,25.010000228881836,24.8700008392334,24.940000534057617,22.1535587310791,16300
2016-08-19 00:00:00,24.850000381469727,24.850000381469727,24.75,24.790000915527344,22.020320892333984,43400
2016-08-22 00:00:00,24.84000015258789,24.84000015258789,24.719999313354492,24.770000457763672,22.00255584716797,19000
2016-08-23 00:00:00,24.8799991607666,24.90999984741211,24.81999969482422,24.850000381469727,22.07361602783203,27300
2016-08-24 00:00:00,24.920000076293945,24.920000076293945,24.690000534057617,24.690000534057617,21.931488037109375,5700
2016-08-25 00:00:00,24.770000457763672,24.770000457763672,24.56999969482422,24.709999084472656,21.94925880432129,18300
2016-08-26 00:00:00,24.670000076293945,24.93000030517578,24.5,24.530000686645508,21.78936767578125,10200
2016-08-29 00:00:00,24.520000457763672,24.639999389648438,24.520000457763672,24.600000381469727,21.851551055908203,26600
2016-08-30 00:00:00,24.690000534057617,24.690000534057617,24.479999542236328,24.5,21.762718200683594,27500
2016-08-31 00:00:00,24.56999969482422,24.56999969482422,24.329999923706055,24.389999389648438,21.665010452270508,15400
2016-09-01 00:00:00,24.459999084472656,24.459999084472656,24.309999465942383,24.3799991607666,21.6561279296875,10100
2016-09-02 00:00:00,24.520000457763672,24.579999923706055,24.520000457763672,24.530000686645508,21.78936767578125,5900
2016-09-06 00:00:00,24.670000076293945,24.799999237060547,24.6200008392334,24.799999237060547,22.029205322265625,5800
2016-09-07 00:00:00,24.899999618530273,24.899999618530273,24.809999465942383,24.889999389648438,22.109148025512695,7600
2016-09-08 00:00:00,24.920000076293945,24.920000076293945,24.81999969482422,24.8799991607666,22.10025978088379,3100
2016-09-09 00:00:00,24.979999542236328,24.979999542236328,24.350000381469727,24.3799991607666,21.6561279296875,8400
2016-09-12 00:00:00,24.459999084472656,24.489999771118164,24.239999771118164,24.479999542236328,21.74495506286621,5300
2016-09-13 00:00:00,24.3799991607666,24.3799991607666,24.010000228881836,24.030000686645508,21.34522819519043,3400
2016-09-14 00:00:00,24.139999389648438,24.139999389648438,23.959999084472656,23.969999313354492,21.29193687438965,10000
2016-09-15 00:00:00,24.059999465942383,24.100000381469727,24.049999237060547,24.049999237060547,21.362995147705078,5300
2016-09-16 00:00:00,24.040000915527344,24.040000915527344,23.950000762939453,23.979999542236328,21.30081558227539,3900
2016-09-19 00:00:00,24.229999542236328,24.229999542236328,24.09000015258789,24.1200008392334,21.4251766204834,3100
2016-09-20 00:00:00,24.309999465942383,24.309999465942383,24.079999923706055,24.1299991607666,21.43405532836914,10300
2016-09-21 00:00:00,24.3799991607666,24.3799991607666,24.149999618530273,24.149999618530273,21.451824188232422,89900
2016-09-22 00:00:00,24.520000457763672,24.700000762939453,24.520000457763672,24.639999389648438,21.8870792388916,14600
2016-09-23 00:00:00,24.610000610351562,24.6299991607666,24.489999771118164,24.530000686645508,21.78936767578125,8700
2016-09-26 00:00:00,24.479999542236328,24.59000015258789,24.479999542236328,24.489999771118164,21.75383758544922,4300
2016-09-27 00:00:00,24.6299991607666,24.6299991607666,24.3799991607666,24.43000030517578,21.700538635253906,6900
2016-09-28 00:00:00,24.709999084472656,24.719999313354492,24.440000534057617,24.719999313354492,21.9581356048584,6800
2016-09-29 00:00:00,24.760000228881836,24.770000457763672,24.639999389648438,24.690000534057617,21.931488037109375,7600
2016-09-30 00:00:00,24.479999542236328,24.6299991607666,24.479999542236328,24.600000381469727,21.93060302734375,20400
2016-10-03 00:00:00,24.799999237060547,24.799999237060547,24.520000457763672,24.56999969482422,21.903854370117188,5800
2016-10-04 00:00:00,24.420000076293945,24.450000762939453,24.25,24.31999969482422,21.680986404418945,6600
2016-10-05 00:00:00,24.3799991607666,24.3799991607666,24.299999237060547,24.329999923706055,21.689897537231445,6400
2016-10-06 00:00:00,24.229999542236328,24.280000686645508,24.190000534057617,24.239999771118164,21.609670639038086,48800
2016-10-07 00:00:00,24.309999465942383,24.309999465942383,24.1200008392334,24.15999984741211,21.538347244262695,3700
2016-10-10 00:00:00,24.459999084472656,24.459999084472656,24.280000686645508,24.290000915527344,21.65424156188965,2800
2016-10-11 00:00:00,24.329999923706055,24.329999923706055,24.030000686645508,24.09000015258789,21.475942611694336,6900
2016-10-12 00:00:00,24.190000534057617,24.190000534057617,24.079999923706055,24.09000015258789,21.475942611694336,2300
2016-10-13 00:00:00,24.020000457763672,24.149999618530273,23.950000762939453,24.149999618530273,21.52943229675293,3600
2016-10-14 00:00:00,24.280000686645508,24.280000686645508,24.059999465942383,24.09000015258789,21.475942611694336,8000
2016-10-17 00:00:00,24.209999084472656,24.209999084472656,24.049999237060547,24.09000015258789,21.475942611694336,151600
2016-10-18 00:00:00,24.329999923706055,24.329999923706055,24.200000762939453,24.270000457763672,21.63640785217285,3800
2016-10-19 00:00:00,24.399999618530273,24.440000534057617,24.280000686645508,24.40999984741211,21.76121711730957,13300
2016-10-20 00:00:00,24.479999542236328,24.479999542236328,24.309999465942383,24.31999969482422,21.680986404418945,6900
2016-10-21 00:00:00,24.3799991607666,24.3799991607666,24.25,24.329999923706055,21.689897537231445,4100
2016-10-24 00:00:00,24.420000076293945,24.420000076293945,24.25,24.31999969482422,21.680986404418945,14400
2016-10-25 00:00:00,24.3799991607666,24.3799991607666,24.280000686645508,24.299999237060547,21.663158416748047,10200
2016-10-26 00:00:00,24.420000076293945,24.420000076293945,24.1200008392334,24.209999084472656,21.58292007446289,14100
2016-10-27 00:00:00,24.079999923706055,24.110000610351562,24.059999465942383,24.059999465942383,21.44919776916504,3700
2016-10-28 00:00:00,24.200000762939453,24.200000762939453,23.989999771118164,24.040000915527344,21.43136978149414,13600
2016-10-31 00:00:00,24.149999618530273,24.149999618530273,24.030000686645508,24.06999969482422,21.45811653137207,19300
2016-11-01 00:00:00,24.06999969482422,24.139999389648438,23.959999084472656,24.030000686645508,21.42245101928711,30200
2016-11-02 00:00:00,23.950000762939453,24.010000228881836,23.850000381469727,23.8700008392334,21.27981185913086,18100
2016-11-03 00:00:00,23.829999923706055,23.93000030517578,23.809999465942383,23.809999465942383,21.2263240814209,14400
2016-11-04 00:00:00,23.719999313354492,23.84000015258789,23.719999313354492,23.829999923706055,21.244157791137695,3600
2016-11-07 00:00:00,23.93000030517578,24.040000915527344,23.90999984741211,24.040000915527344,21.43136978149414,7900
2016-11-08 00:00:00,24.110000610351562,24.1299991607666,24.0,24.1200008392334,21.502685546875,6000
2016-11-09 00:00:00,23.639999389648438,24.219999313354492,23.639999389648438,24.1200008392334,21.502685546875,10400
2016-11-10 00:00:00,24.229999542236328,24.280000686645508,23.8799991607666,23.979999542236328,21.37787628173828,9900
2016-11-11 00:00:00,23.93000030517578,24.059999465942383,23.6200008392334,23.6200008392334,21.05694007873535,10700
2016-11-14 00:00:00,23.510000228881836,23.850000381469727,23.479999542236328,23.6200008392334,21.05694007873535,38000
2016-11-15 00:00:00,23.799999237060547,23.81999969482422,23.75,23.81999969482422,21.235240936279297,14900
2016-11-16 00:00:00,23.920000076293945,23.920000076293945,23.65999984741211,23.68000030517578,21.11043357849121,15000
2016-11-17 00:00:00,23.81999969482422,23.860000610351562,23.649999618530273,23.690000534057617,21.11934471130371,13700
2016-11-18 00:00:00,23.690000534057617,23.700000762939453,23.59000015258789,23.700000762939453,21.128263473510742,11000
2016-11-21 00:00:00,23.860000610351562,23.969999313354492,23.860000610351562,23.940000534057617,21.34221649169922,12900
2016-11-22 00:00:00,24.049999237060547,24.09000015258789,23.989999771118164,24.09000015258789,21.475942611694336,15400
2016-11-23 00:00:00,24.100000381469727,24.100000381469727,23.940000534057617,24.059999465942383,21.44919776916504,122900
2016-11-25 00:00:00,24.09000015258789,24.09000015258789,24.010000228881836,24.010000228881836,21.404626846313477,5000
2016-11-28 00:00:00,24.1200008392334,24.1299991607666,24.049999237060547,24.06999969482422,21.45811653137207,20500
2016-11-29 00:00:00,23.809999465942383,23.959999084472656,23.809999465942383,23.950000762939453,21.35113525390625,409600
2016-11-30 00:00:00,24.15999984741211,24.200000762939453,24.1200008392334,24.18000030517578,21.556177139282227,11100
2016-12-01 00:00:00,24.309999465942383,24.309999465942383,24.170000076293945,24.170000076293945,21.547258377075195,156600
2016-12-02 00:00:00,24.350000381469727,24.350000381469727,24.280000686645508,24.329999923706055,21.689897537231445,5800
2016-12-05 00:00:00,24.6200008392334,24.6200008392334,24.40999984741211,24.510000228881836,21.85036849975586,17600
2016-12-06 00:00:00,24.489999771118164,24.639999389648438,24.489999771118164,24.549999237060547,21.88602638244629,29700
2016-12-07 00:00:00,24.40999984741211,24.719999313354492,24.40999984741211,24.719999313354492,22.037574768066406,25400
2016-12-08 00:00:00,24.68000030517578,24.780000686645508,24.649999618530273,24.739999771118164,22.055408477783203,12000
2016-12-09 00:00:00,24.729999542236328,24.729999542236328,24.639999389648438,24.709999084472656,22.028667449951172,12800
2016-12-12 00:00:00,24.860000610351562,24.899999618530273,24.719999313354492,24.770000457763672,22.082155227661133,57300
2016-12-13 00:00:00,25.040000915527344,25.040000915527344,24.780000686645508,24.829999923706055,22.135639190673828,36500
2016-12-14 00:00:00,24.75,24.829999923706055,24.510000228881836,24.510000228881836,21.85036849975586,36000
2016-12-15 00:00:00,24.520000457763672,24.520000457763672,24.25,24.3700008392334,21.72555923461914,37400
2016-12-16 00:00:00,24.530000686645508,24.530000686645508,24.3799991607666,24.399999618530273,21.752302169799805,10500
2016-12-19 00:00:00,24.280000686645508,24.43000030517578,24.280000686645508,24.3700008392334,21.72555923461914,33500
2016-12-20 00:00:00,24.600000381469727,24.600000381469727,24.420000076293945,24.469999313354492,21.81471061706543,22500
2016-12-21 00:00:00,24.649999618530273,24.649999618530273,24.40999984741211,24.43000030517578,21.77904510498047,20800
2016-12-22 00:00:00,25.540000915527344,25.540000915527344,24.3799991607666,24.389999389648438,21.74338722229004,44500
2016-12-23 00:00:00,24.610000610351562,24.610000610351562,24.3700008392334,24.459999084472656,21.80579376220703,19100
2016-12-27 00:00:00,24.59000015258789,24.59000015258789,24.540000915527344,24.559999465942383,21.894939422607422,27900
2016-12-28 00:00:00,24.399999618530273,24.399999618530273,24.25,24.25,21.836408615112305,5900
2016-12-29 00:00:00,24.25,24.420000076293945,24.25,24.399999618530273,21.971485137939453,9200
2016-12-30 00:00:00,24.399999618530273,24.469999313354492,24.399999618530273,24.40999984741211,21.98048973083496,10900
2017-01-03 00:00:00,24.549999237060547,24.549999237060547,24.399999618530273,24.43000030517578,21.99849510192871,13200
2017-01-04 00:00:00,24.540000915527344,24.649999618530273,24.489999771118164,24.649999618530273,22.19660186767578,25400
2017-01-05 00:00:00,24.559999465942383,24.799999237060547,24.559999465942383,24.729999542236328,22.268634796142578,13700
2017-01-06 00:00:00,24.8799991607666,24.8799991607666,24.600000381469727,24.760000228881836,22.2956485748291,4700
2017-01-09 00:00:00,24.729999542236328,24.729999542236328,24.489999771118164,24.549999237060547,22.106552124023438,57900
2017-01-10 00:00:00,24.68000030517578,25.309999465942383,24.440000534057617,24.520000457763672,22.079538345336914,15200
2017-01-11 00:00:00,24.579999923706055,24.799999237060547,24.459999084472656,24.690000534057617,22.23261833190918,14100
2017-01-12 00:00:00,24.56999969482422,24.799999237060547,24.56999969482422,24.739999771118164,22.27764129638672,8300
2017-01-13 00:00:00,24.639999389648438,24.790000915527344,24.639999389648438,24.729999542236328,22.268634796142578,8700
2017-01-17 00:00:00,24.75,24.969999313354492,24.75,24.829999923706055,22.35868263244629,122100
2017-01-18 00:00:00,24.790000915527344,24.860000610351562,24.670000076293945,24.700000762939453,22.241621017456055,40700
2017-01-19 00:00:00,24.75,24.760000228881836,24.549999237060547,24.649999618530273,22.19660186767578,280300
2017-01-20 00:00:00,24.829999923706055,24.829999923706055,24.739999771118164,24.809999465942383,22.340669631958008,14300
2017-01-23 00:00:00,24.68000030517578,24.979999542236328,24.520000457763672,24.81999969482422,22.34967613220215,22600
2017-01-24 00:00:00,25.040000915527344,25.139999389648438,24.93000030517578,25.020000457763672,22.52977180480957,180900
2017-01-25 00:00:00,25.020000457763672,25.030000686645508,24.889999389648438,24.93000030517578,22.44873046875,16500
2017-01-26 00:00:00,25.06999969482422,25.06999969482422,24.829999923706055,24.899999618530273,22.42171287536621,13600
2017-01-27 00:00:00,24.940000534057617,24.940000534057617,24.760000228881836,24.860000610351562,22.385696411132812,61700
2017-01-30 00:00:00,24.809999465942383,24.809999465942383,24.549999237060547,24.719999313354492,22.259628295898438,18200
2017-01-31 00:00:00,24.670000076293945,24.799999237060547,24.65999984741211,24.729999542236328,22.268634796142578,17000
2017-02-01 00:00:00,24.860000610351562,24.8799991607666,24.639999389648438,24.75,22.28664207458496,116000
2017-02-02 00:00:00,24.81999969482422,24.8700008392334,24.75,24.75,22.28664207458496,17600
2017-02-03 00:00:00,24.860000610351562,24.940000534057617,24.75,24.799999237060547,22.331668853759766,25400
2017-02-06 00:00:00,24.84000015258789,24.899999618530273,24.68000030517578,24.809999465942383,22.340669631958008,18100
2017-02-07 00:00:00,24.920000076293945,24.920000076293945,24.639999389648438,24.68000030517578,22.223609924316406,12100
2017-02-08 00:00:00,24.770000457763672,24.850000381469727,24.610000610351562,24.729999542236328,22.268634796142578,16600
2017-02-09 00:00:00,24.8700008392334,24.8799991607666,24.770000457763672,24.829999923706055,22.35868263244629,41400
2017-02-10 00:00:00,24.950000762939453,25.1299991607666,24.950000762939453,24.969999313354492,22.48474884033203,39500
2017-02-13 00:00:00,25.209999084472656,25.209999084472656,24.920000076293945,25.0,22.511760711669922,14600
2017-02-14 00:00:00,25.18000030517578,25.18000030517578,24.899999618530273,24.989999771118164,22.502758026123047,23400
2017-02-15 00:00:00,25.15999984741211,25.15999984741211,24.899999618530273,25.020000457763672,22.52977180480957,30000
2017-02-16 00:00:00,24.979999542236328,25.100000381469727,24.959999084472656,25.010000228881836,22.520767211914062,23900
2017-02-17 00:00:00,24.8700008392334,24.920000076293945,24.81999969482422,24.920000076293945,22.439725875854492,36500
2017-02-21 00:00:00,24.920000076293945,24.989999771118164,24.8700008392334,24.90999984741211,22.430721282958984,17100
2017-02-22 00:00:00,25.100000381469727,25.100000381469727,24.739999771118164,24.8799991607666,22.403701782226562,52800
2017-02-23 00:00:00,24.979999542236328,24.979999542236328,24.790000915527344,24.850000381469727,22.376697540283203,80700
2017-02-24 00:00:00,24.850000381469727,24.850000381469727,24.600000381469727,24.75,22.28664207458496,38800
2017-02-27 00:00:00,25.0,25.0,24.75,24.790000915527344,22.322668075561523,13100
2017-02-28 00:00:00,24.75,24.899999618530273,24.700000762939453,24.770000457763672,22.304655075073242,82800
2017-03-01 00:00:00,24.969999313354492,25.030000686645508,24.639999389648438,24.889999389648438,22.412710189819336,10900
2017-03-02 00:00:00,24.860000610351562,24.860000610351562,24.600000381469727,24.600000381469727,22.15157699584961,10400
2017-03-03 00:00:00,24.65999984741211,24.799999237060547,24.56999969482422,24.709999084472656,22.250627517700195,15200
2017-03-06 00:00:00,24.81999969482422,24.81999969482422,24.5,24.549999237060547,22.106552124023438,126900
2017-03-07 00:00:00,24.639999389648438,24.639999389648438,24.3700008392334,24.3700008392334,21.944467544555664,4900
2017-03-08 00:00:00,24.360000610351562,24.360000610351562,24.09000015258789,24.149999618530273,21.74635887145996,14100
2017-03-09 00:00:00,24.25,24.25,23.850000381469727,23.93000030517578,21.548259735107422,57100
2017-03-10 00:00:00,24.079999923706055,24.079999923706055,23.8799991607666,24.030000686645508,21.638307571411133,5600
2017-03-13 00:00:00,23.979999542236328,24.100000381469727,23.979999542236328,24.020000457763672,21.62929916381836,8300
2017-03-14 00:00:00,23.989999771118164,23.989999771118164,23.850000381469727,23.8700008392334,21.49422836303711,4500
2017-03-15 00:00:00,23.959999084472656,24.329999923706055,23.959999084472656,24.31999969482422,21.899444580078125,11600
2017-03-16 00:00:00,24.3700008392334,24.3799991607666,24.299999237060547,24.3700008392334,21.944467544555664,6400
2017-03-17 00:00:00,24.530000686645508,24.530000686645508,24.360000610351562,24.43000030517578,21.99849510192871,16100
2017-03-20 00:00:00,24.479999542236328,24.479999542236328,24.360000610351562,24.3799991607666,21.953472137451172,7700
2017-03-21 00:00:00,24.59000015258789,24.59000015258789,24.219999313354492,24.219999313354492,21.809398651123047,9100
2017-03-22 00:00:00,24.290000915527344,24.350000381469727,24.139999389648438,24.350000381469727,21.92645835876465,4200
2017-03-23 00:00:00,24.350000381469727,24.3799991607666,24.299999237060547,24.34000015258789,21.917451858520508,5600
2017-03-24 00:00:00,24.329999923706055,24.360000610351562,24.290000915527344,24.329999923706055,21.908443450927734,6700
2017-03-27 00:00:00,24.170000076293945,24.309999465942383,24.170000076293945,24.299999237060547,21.881433486938477,10800
2017-03-28 00:00:00,24.360000610351562,24.43000030517578,24.280000686645508,24.3700008392334,21.944467544555664,8100
2017-03-29 00:00:00,24.479999542236328,24.479999542236328,24.350000381469727,24.40999984741211,21.98048973083496,5700
2017-03-30 00:00:00,24.3799991607666,24.559999465942383,24.3799991607666,24.5,22.0615291595459,13900
2017-03-31 00:00:00,24.579999923706055,24.579999923706055,24.420000076293945,24.549999237060547,22.12461280822754,33300
2017-04-03 00:00:00,24.510000228881836,24.56999969482422,24.3700008392334,24.5,22.079553604125977,13400
2017-04-04 00:00:00,24.520000457763672,24.6200008392334,24.510000228881836,24.6200008392334,22.187698364257812,12200
2017-04-05 00:00:00,24.690000534057617,24.760000228881836,24.56999969482422,24.610000610351562,22.17868423461914,22400
2017-04-06 00:00:00,24.739999771118164,24.739999771118164,24.56999969482422,24.65999984741211,22.223745346069336,26200
2017-04-07 00:00:00,24.709999084472656,24.709999084472656,24.600000381469727,24.649999618530273,22.214736938476562,9500
2017-04-10 00:00:00,24.770000457763672,24.770000457763672,24.649999618530273,24.719999313354492,22.277814865112305,100200
2017-04-11 00:00:00,24.739999771118164,24.81999969482422,24.670000076293945,24.81999969482422,22.367935180664062,4300
2017-04-12 00:00:00,24.639999389648438,24.84000015258789,24.639999389648438,24.690000534057617,22.250783920288086,8600
2017-04-13 00:00:00,24.799999237060547,24.799999237060547,24.639999389648438,24.639999389648438,22.205720901489258,13400
2017-04-17 00:00:00,24.510000228881836,24.700000762939453,24.510000228881836,24.65999984741211,22.223745346069336,13200
2017-04-18 00:00:00,24.690000534057617,24.690000534057617,24.520000457763672,24.549999237060547,22.12461280822754,9700
2017-04-19 00:00:00,24.510000228881836,24.600000381469727,24.34000015258789,24.350000381469727,21.944372177124023,7300
2017-04-20 00:00:00,24.549999237060547,24.549999237060547,24.420000076293945,24.450000762939453,22.03449249267578,17700
2017-04-21 00:00:00,24.389999389648438,24.43000030517578,24.31999969482422,24.389999389648438,21.980417251586914,8600
2017-04-24 00:00:00,24.469999313354492,24.5,24.399999618530273,24.479999542236328,22.061525344848633,10500
2017-04-25 00:00:00,24.559999465942383,24.600000381469727,24.450000762939453,24.56999969482422,22.142635345458984,28000
2017-04-26 00:00:00,24.6200008392334,24.6200008392334,24.399999618530273,24.5,22.079553604125977,7500
2017-04-27 00:00:00,24.3799991607666,24.420000076293945,24.219999313354492,24.290000915527344,21.890304565429688,29600
2017-04-28 00:00:00,24.399999618530273,24.43000030517578,24.280000686645508,24.280000686645508,21.881288528442383,14100
2017-05-01 00:00:00,24.399999618530273,24.399999618530273,24.270000457763672,24.3700008392334,21.9623966217041,14600
2017-05-02 00:00:00,24.399999618530273,24.399999618530273,24.190000534057617,24.280000686645508,21.881288528442383,14000
2017-05-03 00:00:00,24.309999465942383,24.309999465942383,24.030000686645508,24.030000686645508,21.655986785888672,33000
2017-05-04 00:00:00,24.170000076293945,24.170000076293945,23.770000457763672,23.850000381469727,21.493770599365234,13200
2017-05-05 00:00:00,23.969999313354492,24.139999389648438,23.90999984741211,24.110000610351562,21.728078842163086,10100
2017-05-08 00:00:00,24.110000610351562,24.110000610351562,23.959999084472656,24.030000686645508,21.655986785888672,7500
2017-05-09 00:00:00,24.1200008392334,24.1200008392334,23.940000534057617,24.0,21.628950119018555,18900
2017-05-10 00:00:00,24.030000686645508,24.209999084472656,24.030000686645508,24.200000762939453,21.80919075012207,9900
2017-05-11 00:00:00,24.06999969482422,24.209999084472656,24.06999969482422,24.15999984741211,21.773143768310547,12900
2017-05-12 00:00:00,24.18000030517578,24.18000030517578,24.1200008392334,24.18000030517578,21.791168212890625,14000
2017-05-15 00:00:00,24.219999313354492,24.420000076293945,24.219999313354492,24.280000686645508,21.881288528442383,20100
2017-05-16 00:00:00,24.399999618530273,24.43000030517578,24.280000686645508,24.350000381469727,21.944372177124023,12500
2017-05-17 00:00:00,24.280000686645508,24.389999389648438,24.260000228881836,24.350000381469727,21.944372177124023,10900
2017-05-18 00:00:00,24.239999771118164,24.329999923706055,24.1200008392334,24.270000457763672,21.87227439880371,7700
2017-05-19 00:00:00,24.43000030517578,24.670000076293945,24.43000030517578,24.610000610351562,22.17868423461914,10200
2017-05-22 00:00:00,24.700000762939453,24.700000762939453,24.610000610351562,24.670000076293945,22.232757568359375,14200
2017-05-23 00:00:00,24.690000534057617,24.690000534057617,24.59000015258789,24.639999389648438,22.205720901489258,11500
2017-05-24 00:00:00,24.770000457763672,24.770000457763672,24.489999771118164,24.65999984741211,22.223745346069336,9100
2017-05-25 00:00:00,24.709999084472656,24.709999084472656,24.360000610351562,24.479999542236328,22.061525344848633,12900
2017-05-26 00:00:00,24.559999465942383,24.559999465942383,24.34000015258789,24.469999313354492,22.052518844604492,37500
2017-05-30 00:00:00,24.56999969482422,24.56999969482422,24.260000228881836,24.399999618530273,21.989437103271484,54200
2017-05-31 00:00:00,24.360000610351562,24.360000610351562,24.229999542236328,24.290000915527344,21.890304565429688,3300
2017-06-01 00:00:00,24.209999084472656,24.389999389648438,24.209999084472656,24.31999969482422,21.91733741760254,7100
2017-06-02 00:00:00,24.329999923706055,24.3799991607666,24.299999237060547,24.360000610351562,21.953384399414062,8100
2017-06-05 00:00:00,24.239999771118164,24.31999969482422,24.200000762939453,24.280000686645508,21.881288528442383,65700
2017-06-06 00:00:00,24.1200008392334,24.420000076293945,24.1200008392334,24.40999984741211,21.99844741821289,37300
2017-06-07 00:00:00,24.389999389648438,24.43000030517578,24.1299991607666,24.25,21.854249954223633,12100
2017-06-08 00:00:00,24.290000915527344,24.290000915527344,24.18000030517578,24.219999313354492,21.82721710205078,10200
2017-06-09 00:00:00,24.270000457763672,24.31999969482422,23.90999984741211,24.31999969482422,21.91733741760254,9900
2017-06-12 00:00:00,24.209999084472656,24.350000381469727,24.209999084472656,24.260000228881836,21.863264083862305,10700
2017-06-13 00:00:00,24.479999542236328,24.479999542236328,24.25,24.34000015258789,21.93535804748535,10800
2017-06-14 00:00:00,24.309999465942383,24.34000015258789,24.100000381469727,24.1299991607666,21.746105194091797,10700
2017-06-15 00:00:00,24.1299991607666,24.1299991607666,23.959999084472656,24.049999237060547,21.674007415771484,3900
2017-06-16 00:00:00,24.0,24.200000762939453,23.979999542236328,24.079999923706055,21.701045989990234,8900
2017-06-19 00:00:00,24.219999313354492,24.219999313354492,24.079999923706055,24.079999923706055,21.701045989990234,7100
2017-06-20 00:00:00,24.110000610351562,24.110000610351562,23.809999465942383,23.950000762939453,21.583890914916992,17800
2017-06-21 00:00:00,23.969999313354492,23.969999313354492,23.729999542236328,23.81999969482422,21.466733932495117,9400
2017-06-22 00:00:00,23.68000030517578,23.8700008392334,23.68000030517578,23.780000686645508,21.430681228637695,10600
2017-06-23 00:00:00,23.739999771118164,23.979999542236328,23.739999771118164,23.940000534057617,21.574878692626953,9400
2017-06-26 00:00:00,23.90999984741211,24.010000228881836,23.90999984741211,23.93000030517578,21.56586456298828,14100
2017-06-27 00:00:00,23.959999084472656,24.09000015258789,23.940000534057617,23.950000762939453,21.583890914916992,88600
2017-06-28 00:00:00,23.979999542236328,24.139999389648438,23.979999542236328,24.09000015258789,21.710058212280273,4900
2017-06-29 00:00:00,23.969999313354492,24.09000015258789,23.969999313354492,24.079999923706055,21.701045989990234,5900
2017-06-30 00:00:00,24.15999984741211,24.15999984741211,23.850000381469727,24.0,21.799144744873047,4000
2017-07-03 00:00:00,23.84000015258789,24.100000381469727,23.84000015258789,24.09000015258789,21.880884170532227,5800
2017-07-05 00:00:00,24.059999465942383,24.059999465942383,23.899999618530273,23.989999771118164,21.790056228637695,6600
2017-07-06 00:00:00,23.979999542236328,23.979999542236328,23.809999465942383,23.809999465942383,21.626562118530273,5600
2017-07-07 00:00:00,23.68000030517578,23.760000228881836,23.600000381469727,23.700000762939453,21.52665138244629,53800
2017-07-10 00:00:00,23.56999969482422,23.899999618530273,23.56999969482422,23.889999389648438,21.699228286743164,22100
2017-07-11 00:00:00,23.860000610351562,24.0,23.799999237060547,23.969999313354492,21.771894454956055,5500
2017-07-12 00:00:00,24.139999389648438,24.139999389648438,24.020000457763672,24.040000915527344,21.835474014282227,2700
2017-07-13 00:00:00,24.06999969482422,24.1299991607666,24.020000457763672,24.059999465942383,21.853641510009766,9600
2017-07-14 00:00:00,24.31999969482422,24.31999969482422,24.219999313354492,24.239999771118164,22.017133712768555,4200
2017-07-17 00:00:00,24.270000457763672,24.420000076293945,24.260000228881836,24.260000228881836,22.035303115844727,195000
2017-07-18 00:00:00,24.299999237060547,24.40999984741211,24.299999237060547,24.309999465942383,22.08071517944336,6700
2017-07-19 00:00:00,24.299999237060547,24.559999465942383,24.299999237060547,24.559999465942383,22.307785034179688,6500
2017-07-20 00:00:00,24.649999618530273,24.649999618530273,24.479999542236328,24.479999542236328,22.235126495361328,8700
2017-07-21 00:00:00,24.530000686645508,24.530000686645508,24.360000610351562,24.360000610351562,22.126131057739258,6400
2017-07-24 00:00:00,24.360000610351562,24.360000610351562,24.299999237060547,24.31999969482422,22.089797973632812,3400
2017-07-25 00:00:00,24.469999313354492,24.59000015258789,24.469999313354492,24.489999771118164,22.24420738220215,29800
2017-07-26 00:00:00,24.5,24.649999618530273,24.489999771118164,24.600000381469727,22.34412384033203,22500
2017-07-27 00:00:00,24.6200008392334,24.690000534057617,24.579999923706055,24.6200008392334,22.362285614013672,50200
2017-07-28 00:00:00,24.719999313354492,24.780000686645508,24.6200008392334,24.65999984741211,22.398616790771484,58600
2017-07-31 00:00:00,24.719999313354492,24.799999237060547,24.639999389648438,24.799999237060547,22.525781631469727,36700
2017-08-01 00:00:00,24.950000762939453,24.950000762939453,24.670000076293945,24.700000762939453,22.43494987487793,22300
2017-08-02 00:00:00,24.719999313354492,24.809999465942383,24.670000076293945,24.760000228881836,22.48944664001465,4200
2017-08-03 00:00:00,24.719999313354492,24.780000686645508,24.68000030517578,24.719999313354492,22.45311164855957,5800
2017-08-04 00:00:00,24.860000610351562,24.860000610351562,24.65999984741211,24.65999984741211,22.398616790771484,8700
2017-08-07 00:00:00,24.770000457763672,24.790000915527344,24.649999618530273,24.780000686645508,22.507617950439453,10900
2017-08-08 00:00:00,24.649999618530273,24.760000228881836,24.649999618530273,24.709999084472656,22.444032669067383,8900
2017-08-09 00:00:00,24.649999618530273,24.719999313354492,24.6299991607666,24.68000030517578,22.41678237915039,8600
2017-08-10 00:00:00,24.719999313354492,24.739999771118164,24.530000686645508,24.559999465942383,22.307785034179688,9700
2017-08-11 00:00:00,24.489999771118164,24.489999771118164,24.399999618530273,24.420000076293945,22.180625915527344,6000
2017-08-14 00:00:00,24.510000228881836,24.540000915527344,24.399999618530273,24.479999542236328,22.235126495361328,4200
2017-08-15 00:00:00,24.559999465942383,24.559999465942383,24.25,24.3700008392334,22.13521385192871,117400
2017-08-16 00:00:00,24.3799991607666,24.530000686645508,24.3700008392334,24.469999313354492,22.226041793823242,3500
2017-08-17 00:00:00,24.450000762939453,24.469999313354492,24.329999923706055,24.329999923706055,22.098878860473633,10100
2017-08-18 00:00:00,24.3700008392334,24.440000534057617,24.260000228881836,24.3700008392334,22.13521385192871,9300
2017-08-21 00:00:00,24.5,24.5,24.329999923706055,24.350000381469727,22.117046356201172,7900
2017-08-22 00:00:00,24.43000030517578,24.510000228881836,24.420000076293945,24.510000228881836,22.262372970581055,28000
2017-08-23 00:00:00,24.43000030517578,24.649999618530273,24.420000076293945,24.649999618530273,22.38953971862793,8500
2017-08-24 00:00:00,24.520000457763672,24.639999389648438,24.510000228881836,24.530000686645508,22.280542373657227,21400
2017-08-25 00:00:00,24.510000228881836,24.729999542236328,24.510000228881836,24.700000762939453,22.43494987487793,20700
2017-08-28 00:00:00,24.760000228881836,24.760000228881836,24.56999969482422,24.700000762939453,22.43494987487793,19700
2017-08-29 00:00:00,24.899999618530273,24.899999618530273,24.56999969482422,24.709999084472656,22.444032669067383,8000
2017-08-30 00:00:00,24.75,24.75,24.56999969482422,24.65999984741211,22.398616790771484,6600
2017-08-31 00:00:00,24.739999771118164,24.860000610351562,24.739999771118164,24.829999923706055,22.553030014038086,10200
2017-09-01 00:00:00,24.920000076293945,24.989999771118164,24.899999618530273,24.989999771118164,22.698354721069336,3400
2017-09-05 00:00:00,25.0,25.020000457763672,24.8799991607666,24.950000762939453,22.662025451660156,13600
2017-09-06 00:00:00,25.030000686645508,25.200000762939453,25.030000686645508,25.200000762939453,22.889097213745117,9000
2017-09-07 00:00:00,25.200000762939453,25.309999465942383,25.170000076293945,25.299999237060547,22.97992515563965,50700
2017-09-08 00:00:00,25.18000030517578,25.209999084472656,25.100000381469727,25.190000534057617,22.880014419555664,3600
2017-09-11 00:00:00,25.209999084472656,25.299999237060547,25.139999389648438,25.170000076293945,22.86185073852539,13400
2017-09-12 00:00:00,25.18000030517578,25.270000457763672,25.170000076293945,25.229999542236328,22.916345596313477,5000
2017-09-13 00:00:00,25.25,25.25,25.190000534057617,25.25,22.93451499938965,6400
2017-09-14 00:00:00,25.31999969482422,25.31999969482422,25.15999984741211,25.239999771118164,22.925430297851562,6400
2017-09-15 00:00:00,25.200000762939453,25.290000915527344,25.200000762939453,25.290000915527344,22.970844268798828,2700
2017-09-18 00:00:00,25.399999618530273,25.399999618530273,25.18000030517578,25.239999771118164,22.925430297851562,52500
2017-09-19 00:00:00,25.350000381469727,25.350000381469727,25.229999542236328,25.329999923706055,23.007179260253906,4700
2017-09-20 00:00:00,25.260000228881836,25.440000534057617,25.219999313354492,25.3700008392334,23.043508529663086,10000
2017-09-21 00:00:00,25.3700008392334,25.3700008392334,25.229999542236328,25.270000457763672,22.952682495117188,3600
2017-09-22 00:00:00,25.260000228881836,25.280000686645508,25.170000076293945,25.200000762939453,22.889097213745117,46200
2017-09-25 00:00:00,25.260000228881836,25.399999618530273,25.260000228881836,25.399999618530273,23.07076072692871,4200
2017-09-26 00:00:00,25.31999969482422,25.31999969482422,25.25,25.309999465942383,22.989011764526367,10700
2017-09-27 00:00:00,25.450000762939453,25.450000762939453,25.139999389648438,25.260000228881836,22.943599700927734,21600
2017-09-28 00:00:00,25.399999618530273,25.399999618530273,25.139999389648438,25.280000686645508,22.961761474609375,12900
2017-09-29 00:00:00,25.200000762939453,25.239999771118164,25.1299991607666,25.149999618530273,22.891677856445312,13300
2017-10-02 00:00:00,25.290000915527344,25.290000915527344,25.010000228881836,25.1299991607666,22.87347412109375,7300
2017-10-03 00:00:00,25.15999984741211,25.209999084472656,25.110000610351562,25.1299991607666,22.87347412109375,14000
2017-10-04 00:00:00,25.25,25.260000228881836,25.1200008392334,25.229999542236328,22.964494705200195,47300
2017-10-05 00:00:00,25.309999465942383,25.34000015258789,25.25,25.290000915527344,23.019105911254883,10900
2017-10-06 00:00:00,25.239999771118164,25.239999771118164,25.06999969482422,25.06999969482422,22.81886100769043,7500
2017-10-09 00:00:00,25.15999984741211,25.170000076293945,25.09000015258789,25.100000381469727,22.84617042541504,2800
2017-10-10 00:00:00,25.1299991607666,25.350000381469727,25.1299991607666,25.329999923706055,23.055513381958008,9400
2017-10-11 00:00:00,25.239999771118164,25.3700008392334,25.229999542236328,25.3700008392334,23.091922760009766,42300
2017-10-12 00:00:00,25.280000686645508,25.350000381469727,25.260000228881836,25.350000381469727,23.073715209960938,14300
2017-10-13 00:00:00,25.510000228881836,25.530000686645508,25.450000762939453,25.520000457763672,23.22845458984375,5600
2017-10-16 00:00:00,25.6299991607666,25.6299991607666,25.459999084472656,25.549999237060547,23.255762100219727,9200
2017-10-17 00:00:00,25.559999465942383,25.559999465942383,25.3700008392334,25.479999542236328,23.192045211791992,9900
2017-10-18 00:00:00,25.479999542236328,25.479999542236328,25.3799991607666,25.389999389648438,23.110126495361328,12800
2017-10-19 00:00:00,25.420000076293945,25.420000076293945,25.350000381469727,25.3799991607666,23.101028442382812,7400
2017-10-20 00:00:00,25.520000457763672,25.520000457763672,25.299999237060547,25.389999389648438,23.110126495361328,72300
2017-10-23 00:00:00,25.420000076293945,25.420000076293945,25.280000686645508,25.299999237060547,23.0282039642334,15200
2017-10-24 00:00:00,25.280000686645508,25.440000534057617,25.280000686645508,25.440000534057617,23.155641555786133,11200
2017-10-25 00:00:00,25.290000915527344,25.440000534057617,25.219999313354492,25.360000610351562,23.08281898498535,5300
2017-10-26 00:00:00,25.3700008392334,25.3700008392334,25.209999084472656,25.280000686645508,23.0100040435791,7400
2017-10-27 00:00:00,25.209999084472656,25.34000015258789,25.209999084472656,25.34000015258789,23.064617156982422,4600
2017-10-30 00:00:00,25.40999984741211,25.450000762939453,25.399999618530273,25.450000762939453,23.164737701416016,3400
2017-10-31 00:00:00,25.459999084472656,25.510000228881836,25.3799991607666,25.469999313354492,23.182945251464844,5400
2017-11-01 00:00:00,25.549999237060547,25.700000762939453,25.520000457763672,25.610000610351562,23.31037139892578,28700
2017-11-02 00:00:00,25.479999542236328,25.600000381469727,25.479999542236328,25.559999465942383,23.264863967895508,4300
2017-11-03 00:00:00,25.6200008392334,25.670000076293945,25.520000457763672,25.649999618530273,23.34678077697754,7100
2017-11-06 00:00:00,25.649999618530273,25.8799991607666,25.649999618530273,25.8799991607666,23.556129455566406,6700
2017-11-07 00:00:00,25.940000534057617,25.940000534057617,25.770000457763672,25.799999237060547,23.48331069946289,3300
2017-11-08 00:00:00,25.739999771118164,25.889999389648438,25.739999771118164,25.81999969482422,23.501516342163086,2700
2017-11-09 00:00:00,25.81999969482422,25.8700008392334,25.760000228881836,25.860000610351562,23.537927627563477,4700
2017-11-10 00:00:00,25.850000381469727,25.850000381469727,25.65999984741211,25.790000915527344,23.474210739135742,23100
2017-11-13 00:00:00,25.760000228881836,25.760000228881836,25.639999389648438,25.639999389648438,23.337678909301758,13600
2017-11-14 00:00:00,25.489999771118164,25.5,25.450000762939453,25.459999084472656,23.17384147644043,7700
2017-11-15 00:00:00,25.260000228881836,25.43000030517578,25.260000228881836,25.329999923706055,23.055513381958008,15500
2017-11-16 00:00:00,25.299999237060547,25.469999313354492,25.299999237060547,25.399999618530273,23.119232177734375,4900
2017-11-17 00:00:00,25.389999389648438,25.549999237060547,25.3700008392334,25.540000915527344,23.246658325195312,3100
2017-11-20 00:00:00,25.549999237060547,25.549999237060547,25.450000762939453,25.489999771118164,23.201147079467773,15100
2017-11-21 00:00:00,25.5,25.6299991607666,25.5,25.6299991607666,23.32857322692871,25000
2017-11-22 00:00:00,25.729999542236328,25.780000686645508,25.65999984741211,25.770000457763672,23.456005096435547,7000
2017-11-24 00:00:00,25.809999465942383,25.860000610351562,25.780000686645508,25.790000915527344,23.474210739135742,58900
2017-11-27 00:00:00,25.719999313354492,25.760000228881836,25.670000076293945,25.670000076293945,23.3649845123291,6200
2017-11-28 00:00:00,25.549999237060547,25.729999542236328,25.549999237060547,25.729999542236328,23.41959571838379,25800
2017-11-29 00:00:00,25.760000228881836,25.760000228881836,25.6200008392334,25.65999984741211,23.355876922607422,8700
2017-11-30 00:00:00,25.639999389648438,25.75,25.639999389648438,25.739999771118164,23.42869758605957,15000
2017-12-01 00:00:00,25.899999618530273,25.899999618530273,25.799999237060547,25.899999618530273,23.574329376220703,9600
2017-12-04 00:00:00,26.020000457763672,26.020000457763672,25.709999084472656,25.81999969482422,23.501516342163086,8700
2017-12-05 00:00:00,26.020000457763672,26.020000457763672,25.6299991607666,25.639999389648438,23.337678909301758,12900
2017-12-06 00:00:00,25.75,25.75,25.479999542236328,25.56999969482422,23.273963928222656,8100
2017-12-07 00:00:00,25.459999084472656,25.600000381469727,25.459999084472656,25.56999969482422,23.273963928222656,19300
2017-12-08 00:00:00,25.6200008392334,25.709999084472656,25.600000381469727,25.68000030517578,23.37409019470215,11300
2017-12-11 00:00:00,25.75,25.790000915527344,25.709999084472656,25.760000228881836,23.4469051361084,2800
2017-12-12 00:00:00,25.8799991607666,25.8799991607666,25.700000762939453,25.770000457763672,23.456005096435547,15800
2017-12-13 00:00:00,25.760000228881836,25.84000015258789,25.68000030517578,25.729999542236328,23.41959571838379,87900
2017-12-14 00:00:00,25.65999984741211,25.81999969482422,25.65999984741211,25.790000915527344,23.474210739135742,13700
2017-12-15 00:00:00,26.0,26.0,25.719999313354492,25.770000457763672,23.456005096435547,12400
2017-12-18 00:00:00,25.989999771118164,26.010000228881836,25.90999984741211,25.959999084472656,23.628944396972656,6400
2017-12-19 00:00:00,26.18000030517578,26.18000030517578,25.899999618530273,25.989999771118164,23.656253814697266,13000
2017-12-20 00:00:00,26.079999923706055,26.09000015258789,25.93000030517578,26.09000015258789,23.747270584106445,12800
2017-12-21 00:00:00,26.049999237060547,26.229999542236328,26.049999237060547,26.229999542236328,23.87470054626465,4200
2017-12-22 00:00:00,26.1299991607666,26.25,26.1299991607666,26.239999771118164,23.883800506591797,9100
2017-12-26 00:00:00,26.489999771118164,26.489999771118164,26.1299991607666,26.389999389648438,24.020328521728516,92600
2017-12-27 00:00:00,26.34000015258789,26.34000015258789,26.239999771118164,26.270000457763672,24.12041473388672,17200
2017-12-28 00:00:00,26.399999618530273,26.399999618530273,26.309999465942383,26.389999389648438,24.230592727661133,6600
2017-12-29 00:00:00,26.559999465942383,26.559999465942383,26.350000381469727,26.43000030517578,24.26732063293457,14700
2018-01-02 00:00:00,26.389999389648438,26.670000076293945,26.389999389648438,26.65999984741211,24.47850227355957,39600
2018-01-03 00:00:00,26.719999313354492,26.81999969482422,26.649999618530273,26.809999465942383,24.616228103637695,50100
2018-01-04 00:00:00,26.799999237060547,26.889999389648438,26.790000915527344,26.790000915527344,24.597864151000977,26600
2018-01-05 00:00:00,26.90999984741211,26.90999984741211,26.790000915527344,26.899999618530273,24.698863983154297,53800
2018-01-08 00:00:00,26.920000076293945,26.920000076293945,26.790000915527344,26.8799991607666,24.680500030517578,12400
2018-01-09 00:00:00,27.0,27.0,26.799999237060547,26.90999984741211,24.708045959472656,11200
2018-01-10 00:00:00,26.899999618530273,26.899999618530273,26.799999237060547,26.850000381469727,24.6529541015625,23400
2018-01-11 00:00:00,26.959999084472656,27.049999237060547,26.93000030517578,27.040000915527344,24.827407836914062,106600
2018-01-12 00:00:00,27.18000030517578,27.200000762939453,26.989999771118164,27.18000030517578,24.955951690673828,15700
2018-01-16 00:00:00,27.290000915527344,27.290000915527344,27.040000915527344,27.100000381469727,24.882497787475586,28400
2018-01-17 00:00:00,27.049999237060547,27.239999771118164,26.889999389648438,27.170000076293945,24.94676971435547,48800
2018-01-18 00:00:00,27.18000030517578,27.18000030517578,27.0,27.100000381469727,24.882497787475586,18200
2018-01-19 00:00:00,27.040000915527344,27.079999923706055,27.0,27.020000457763672,24.809045791625977,13000
2018-01-22 00:00:00,27.1200008392334,27.260000228881836,27.100000381469727,27.260000228881836,25.029409408569336,14600
2018-01-23 00:00:00,27.280000686645508,27.299999237060547,27.190000534057617,27.239999771118164,25.011043548583984,58100
2018-01-24 00:00:00,27.360000610351562,27.479999542236328,27.350000381469727,27.479999542236328,25.231401443481445,42200
2018-01-25 00:00:00,27.6200008392334,27.6200008392334,27.329999923706055,27.350000381469727,25.112037658691406,31400
2018-01-26 00:00:00,27.350000381469727,27.540000915527344,27.350000381469727,27.479999542236328,25.231401443481445,16000
2018-01-29 00:00:00,27.489999771118164,27.489999771118164,27.299999237060547,27.31999969482422,25.084497451782227,13700
2018-01-30 00:00:00,27.260000228881836,27.280000686645508,27.010000228881836,27.059999465942383,24.845773696899414,11500
2018-01-31 00:00:00,27.15999984741211,27.15999984741211,27.010000228881836,27.139999389648438,24.919225692749023,13000
2018-02-01 00:00:00,27.15999984741211,27.15999984741211,27.020000457763672,27.1200008392334,24.900861740112305,10900
2018-02-02 00:00:00,27.020000457763672,27.020000457763672,26.530000686645508,26.579999923706055,24.40504264831543,159500
2018-02-05 00:00:00,26.559999465942383,26.559999465942383,26.049999237060547,26.049999237060547,23.918411254882812,21900
2018-02-06 00:00:00,25.719999313354492,26.25,25.700000762939453,26.15999984741211,24.01941680908203,90600
2018-02-07 00:00:00,26.239999771118164,26.25,25.90999984741211,25.979999542236328,23.854145050048828,11200
2018-02-08 00:00:00,25.969999313354492,25.969999313354492,25.549999237060547,25.549999237060547,23.45932960510254,8100
2018-02-09 00:00:00,25.6299991607666,25.6299991607666,24.959999084472656,25.43000030517578,23.34914779663086,28000
2018-02-12 00:00:00,25.610000610351562,25.709999084472656,25.530000686645508,25.649999618530273,23.551145553588867,30600
2018-02-13 00:00:00,25.59000015258789,25.75,25.59000015258789,25.75,23.64296531677246,10100
2018-02-14 00:00:00,25.56999969482422,26.079999923706055,25.56999969482422,26.020000457763672,23.890869140625,38400
2018-02-15 00:00:00,26.360000610351562,26.360000610351562,25.920000076293945,26.15999984741211,24.01941680908203,11800
2018-02-16 00:00:00,26.079999923706055,26.290000915527344,26.079999923706055,26.139999389648438,24.001049041748047,16400
2018-02-20 00:00:00,26.209999084472656,26.219999313354492,26.059999465942383,26.079999923706055,23.945959091186523,5200
2018-02-21 00:00:00,26.149999618530273,26.200000762939453,25.93000030517578,25.93000030517578,23.808237075805664,6900
2018-02-22 00:00:00,26.09000015258789,26.209999084472656,25.969999313354492,26.030000686645508,23.90005111694336,68400
2018-02-23 00:00:00,26.059999465942383,26.3799991607666,26.059999465942383,26.309999465942383,24.157142639160156,14500
2018-02-26 00:00:00,26.520000457763672,26.530000686645508,26.299999237060547,26.530000686645508,24.359140396118164,27500
2018-02-27 00:00:00,26.530000686645508,26.530000686645508,26.170000076293945,26.209999084472656,24.065322875976562,19400
2018-02-28 00:00:00,26.1200008392334,26.1299991607666,25.790000915527344,25.790000915527344,23.679689407348633,26700
2018-03-01 00:00:00,25.790000915527344,25.889999389648438,25.700000762939453,25.889999389648438,23.771509170532227,11100
2018-03-02 00:00:00,25.799999237060547,25.84000015258789,25.75,25.81999969482422,23.707237243652344,10900
2018-03-05 00:00:00,25.809999465942383,26.049999237060547,25.809999465942383,26.049999237060547,23.918411254882812,208500
2018-03-06 00:00:00,26.09000015258789,26.209999084472656,26.09000015258789,26.15999984741211,24.01941680908203,11400
2018-03-07 00:00:00,26.1299991607666,26.1299991607666,25.950000762939453,26.079999923706055,23.945959091186523,8200
2018-03-08 00:00:00,26.0,26.020000457763672,25.899999618530273,25.989999771118164,23.863323211669922,8000
2018-03-09 00:00:00,26.079999923706055,26.15999984741211,26.020000457763672,26.15999984741211,24.01941680908203,14400
2018-03-12 00:00:00,26.229999542236328,26.229999542236328,26.079999923706055,26.170000076293945,24.028596878051758,18000
2018-03-13 00:00:00,26.219999313354492,26.260000228881836,26.059999465942383,26.079999923706055,23.945959091186523,6000
2018-03-14 00:00:00,26.170000076293945,26.170000076293945,26.020000457763672,26.059999465942383,23.927595138549805,5100
2018-03-15 00:00:00,26.139999389648438,26.139999389648438,25.940000534057617,25.979999542236328,23.854145050048828,6800
2018-03-16 00:00:00,25.959999084472656,26.100000381469727,25.959999084472656,26.06999969482422,23.936777114868164,7500
2018-03-19 00:00:00,25.829999923706055,25.860000610351562,25.729999542236328,25.809999465942383,23.69805335998535,13800
2018-03-20 00:00:00,25.8799991607666,25.959999084472656,25.799999237060547,25.850000381469727,23.734783172607422,13100
2018-03-21 00:00:00,25.959999084472656,26.190000534057617,25.920000076293945,26.18000030517578,24.037776947021484,211900
2018-03-22 00:00:00,25.979999542236328,26.059999465942383,25.739999771118164,25.829999923706055,23.716419219970703,67800
2018-03-23 00:00:00,25.84000015258789,25.93000030517578,25.670000076293945,25.739999771118164,23.659425735473633,10900
2018-03-26 00:00:00,25.93000030517578,25.969999313354492,25.770000457763672,25.969999313354492,23.870838165283203,7100
2018-03-27 00:00:00,26.0,26.030000686645508,25.739999771118164,25.760000228881836,23.677814483642578,66000
2018-03-28 00:00:00,25.889999389648438,25.889999389648438,25.65999984741211,25.75,23.668624877929688,25500
2018-03-29 00:00:00,25.799999237060547,26.030000686645508,25.75,25.959999084472656,23.861648559570312,25400
2018-04-02 00:00:00,25.93000030517578,25.93000030517578,25.56999969482422,25.729999542236328,23.650239944458008,16200
2018-04-03 00:00:00,25.729999542236328,25.90999984741211,25.700000762939453,25.90999984741211,23.815689086914062,11900
2018-04-04 00:00:00,25.729999542236328,25.93000030517578,25.639999389648438,25.93000030517578,23.834070205688477,14500
2018-04-05 00:00:00,25.90999984741211,26.139999389648438,25.90999984741211,26.020000457763672,23.916793823242188,19900
2018-04-06 00:00:00,26.049999237060547,26.110000610351562,25.739999771118164,25.8799991607666,23.788114547729492,19400
2018-04-09 00:00:00,25.950000762939453,26.1200008392334,25.950000762939453,26.030000686645508,23.925987243652344,16800
2018-04-10 00:00:00,26.290000915527344,26.459999084472656,26.290000915527344,26.399999618530273,24.266077041625977,24800
2018-04-11 00:00:00,26.399999618530273,26.579999923706055,26.389999389648438,26.5,24.357999801635742,19700
2018-04-12 00:00:00,26.540000915527344,26.540000915527344,26.360000610351562,26.479999542236328,24.339614868164062,32600
2018-04-13 00:00:00,26.520000457763672,26.559999465942383,26.479999542236328,26.510000228881836,24.367191314697266,5500
2018-04-16 00:00:00,26.68000030517578,26.68000030517578,26.489999771118164,26.6200008392334,24.468297958374023,30400
2018-04-17 00:00:00,26.6299991607666,26.780000686645508,26.6200008392334,26.729999542236328,24.569406509399414,13900
2018-04-18 00:00:00,26.989999771118164,27.1200008392334,26.979999542236328,27.059999465942383,24.87273406982422,40500
2018-04-19 00:00:00,27.049999237060547,27.049999237060547,26.8799991607666,27.010000228881836,24.8267765045166,14300
2018-04-20 00:00:00,26.770000457763672,26.8799991607666,26.770000457763672,26.809999465942383,24.642942428588867,8700
2018-04-23 00:00:00,26.81999969482422,26.81999969482422,26.68000030517578,26.760000228881836,24.596982955932617,31800
2018-04-24 00:00:00,26.860000610351562,26.8799991607666,26.579999923706055,26.68000030517578,24.52345085144043,41100
2018-04-25 00:00:00,26.639999389648438,26.700000762939453,26.540000915527344,26.68000030517578,24.52345085144043,6400
2018-04-26 00:00:00,26.8799991607666,26.8799991607666,26.719999313354492,26.850000381469727,24.67970848083496,18300
2018-04-27 00:00:00,26.729999542236328,26.850000381469727,26.719999313354492,26.81999969482422,24.65213394165039,14000
2018-04-30 00:00:00,26.809999465942383,26.850000381469727,26.68000030517578,26.780000686645508,24.61536407470703,12100
2018-05-01 00:00:00,26.6200008392334,26.649999618530273,26.479999542236328,26.559999465942383,24.413148880004883,17400
2018-05-02 00:00:00,26.690000534057617,26.809999465942383,26.6299991607666,26.739999771118164,24.57859992980957,19700
2018-05-03 00:00:00,26.739999771118164,26.760000228881836,26.510000228881836,26.760000228881836,24.596982955932617,23300
2018-05-04 00:00:00,26.729999542236328,26.920000076293945,26.700000762939453,26.889999389648438,24.716472625732422,51000
2018-05-07 00:00:00,26.979999542236328,27.030000686645508,26.829999923706055,26.860000610351562,24.68889617919922,28300
2018-05-08 00:00:00,26.899999618530273,26.899999618530273,26.719999313354492,26.850000381469727,24.67970848083496,37400
2018-05-09 00:00:00,27.030000686645508,27.1299991607666,27.030000686645508,27.09000015258789,24.900310516357422,46100
2018-05-10 00:00:00,27.040000915527344,27.309999465942383,27.040000915527344,27.299999237060547,25.093334197998047,14500
2018-05-11 00:00:00,27.329999923706055,27.3700008392334,27.280000686645508,27.31999969482422,25.11172103881836,14000
2018-05-14 00:00:00,27.280000686645508,27.43000030517578,27.280000686645508,27.31999969482422,25.11172103881836,23800
2018-05-15 00:00:00,27.270000457763672,27.299999237060547,27.1200008392334,27.239999771118164,25.038185119628906,20000
2018-05-16 00:00:00,27.360000610351562,27.3700008392334,27.260000228881836,27.299999237060547,25.093334197998047,7400
2018-05-17 00:00:00,27.290000915527344,27.469999313354492,27.290000915527344,27.31999969482422,25.11172103881836,34000
2018-05-18 00:00:00,27.34000015258789,27.360000610351562,27.280000686645508,27.329999923706055,25.12091064453125,33400
2018-05-21 00:00:00,27.459999084472656,27.469999313354492,27.31999969482422,27.469999313354492,25.249589920043945,11800
2018-05-22 00:00:00,27.479999542236328,27.600000381469727,27.360000610351562,27.360000610351562,25.14848518371582,12400
2018-05-23 00:00:00,27.260000228881836,27.399999618530273,27.219999313354492,27.389999389648438,25.17605972290039,9700
2018-05-24 00:00:00,27.389999389648438,27.389999389648438,27.200000762939453,27.280000686645508,25.074953079223633,7300
2018-05-25 00:00:00,27.190000534057617,27.190000534057617,26.8799991607666,26.90999984741211,24.734859466552734,24100
2018-05-29 00:00:00,26.84000015258789,26.850000381469727,26.690000534057617,26.770000457763672,24.60617446899414,9500
2018-05-30 00:00:00,26.81999969482422,27.200000762939453,26.81999969482422,27.18000030517578,24.9830322265625,17500
2018-05-31 00:00:00,27.239999771118164,27.239999771118164,27.010000228881836,27.1200008392334,24.927881240844727,8900
2018-06-01 00:00:00,27.219999313354492,27.219999313354492,27.040000915527344,27.139999389648438,24.94626808166504,13300
2018-06-04 00:00:00,27.239999771118164,27.239999771118164,26.959999084472656,26.979999542236328,24.7992000579834,19000
2018-06-05 00:00:00,27.110000610351562,27.110000610351562,26.940000534057617,27.06999969482422,24.881927490234375,17100
2018-06-06 00:00:00,27.030000686645508,27.229999542236328,27.030000686645508,27.229999542236328,25.028995513916016,23500
2018-06-07 00:00:00,27.299999237060547,27.299999237060547,27.149999618530273,27.25,25.047374725341797,4800
2018-06-08 00:00:00,27.270000457763672,27.270000457763672,27.1200008392334,27.200000762939453,25.001420974731445,12800
2018-06-11 00:00:00,27.100000381469727,27.299999237060547,27.100000381469727,27.239999771118164,25.038185119628906,17500
2018-06-12 00:00:00,27.25,27.25,27.079999923706055,27.200000762939453,25.001420974731445,6800
2018-06-13 00:00:00,27.299999237060547,27.299999237060547,27.049999237060547,27.190000534057617,24.99222755432129,28400
2018-06-14 00:00:00,27.100000381469727,27.1299991607666,27.0,27.06999969482422,24.881927490234375,13600
2018-06-15 00:00:00,26.68000030517578,26.729999542236328,26.649999618530273,26.649999618530273,24.495874404907227,17600
2018-06-18 00:00:00,26.6200008392334,26.75,26.6200008392334,26.75,24.587791442871094,7800
2018-06-19 00:00:00,26.610000610351562,26.6200008392334,26.389999389648438,26.530000686645508,24.385574340820312,20200
2018-06-20 00:00:00,26.600000381469727,26.670000076293945,26.5,26.510000228881836,24.367191314697266,68000
2018-06-21 00:00:00,26.639999389648438,26.639999389648438,26.3799991607666,26.450000762939453,24.312042236328125,71100
2018-06-22 00:00:00,26.709999084472656,26.829999923706055,26.65999984741211,26.719999313354492,24.560213088989258,258400
2018-06-25 00:00:00,26.40999984741211,26.40999984741211,26.190000534057617,26.31999969482422,24.387868881225586,18000
2018-06-26 00:00:00,26.299999237060547,26.450000762939453,26.299999237060547,26.3700008392334,24.4341983795166,9900
2018-06-27 00:00:00,26.440000534057617,26.6299991607666,26.3799991607666,26.3799991607666,24.443462371826172,11600
2018-06-28 00:00:00,26.360000610351562,26.489999771118164,26.360000610351562,26.40999984741211,24.47126007080078,164800
2018-06-29 00:00:00,26.59000015258789,26.739999771118164,26.549999237060547,26.639999389648438,24.684375762939453,25100
2018-07-02 00:00:00,26.309999465942383,26.420000076293945,26.280000686645508,26.280000686645508,24.35080337524414,52400
2018-07-03 00:00:00,26.5,26.530000686645508,26.3700008392334,26.420000076293945,24.480525970458984,32100
2018-07-05 00:00:00,26.510000228881836,26.559999465942383,26.40999984741211,26.5,24.554656982421875,7100
2018-07-06 00:00:00,26.43000030517578,26.709999084472656,26.43000030517578,26.639999389648438,24.684375762939453,6400
2018-07-09 00:00:00,26.700000762939453,26.860000610351562,26.700000762939453,26.84000015258789,24.869699478149414,40100
2018-07-10 00:00:00,26.90999984741211,26.920000076293945,26.770000457763672,26.899999618530273,24.925291061401367,29000
2018-07-11 00:00:00,26.639999389648438,26.670000076293945,26.31999969482422,26.389999389648438,24.45273208618164,15400
2018-07-12 00:00:00,26.3700008392334,26.479999542236328,26.360000610351562,26.469999313354492,24.526857376098633,11900
2018-07-13 00:00:00,26.309999465942383,26.510000228881836,26.309999465942383,26.489999771118164,24.545387268066406,22300
2018-07-16 00:00:00,26.440000534057617,26.440000534057617,26.219999313354492,26.25,24.32300567626953,7800
2018-07-17 00:00:00,26.079999923706055,26.290000915527344,26.079999923706055,26.18000030517578,24.258146286010742,11600
2018-07-18 00:00:00,26.139999389648438,26.309999465942383,26.139999389648438,26.299999237060547,24.369335174560547,7300
2018-07-19 00:00:00,26.200000762939453,26.270000457763672,26.15999984741211,26.200000762939453,24.27667999267578,9900
2018-07-20 00:00:00,26.239999771118164,26.280000686645508,26.190000534057617,26.270000457763672,24.341541290283203,7500
2018-07-23 00:00:00,26.329999923706055,26.329999923706055,26.139999389648438,26.219999313354492,24.295207977294922,15200
2018-07-24 00:00:00,26.420000076293945,26.530000686645508,26.34000015258789,26.399999618530273,24.461994171142578,20700
2018-07-25 00:00:00,26.459999084472656,26.600000381469727,26.399999618530273,26.600000381469727,24.647310256958008,7200
2018-07-26 00:00:00,26.6200008392334,26.6299991607666,26.489999771118164,26.600000381469727,24.647310256958008,14800
2018-07-27 00:00:00,26.520000457763672,26.6299991607666,26.459999084472656,26.520000457763672,24.57318687438965,6900
2018-07-30 00:00:00,26.65999984741211,26.670000076293945,26.540000915527344,26.549999237060547,24.600984573364258,4600
2018-07-31 00:00:00,26.690000534057617,26.739999771118164,26.59000015258789,26.68000030517578,24.72144317626953,7900
2018-08-01 00:00:00,26.5,26.520000457763672,26.350000381469727,26.469999313354492,24.526857376098633,29100
2018-08-02 00:00:00,26.280000686645508,26.43000030517578,26.260000228881836,26.3799991607666,24.443462371826172,23600
2018-08-03 00:00:00,26.34000015258789,26.510000228881836,26.34000015258789,26.489999771118164,24.545387268066406,7200
2018-08-06 00:00:00,26.469999313354492,26.559999465942383,26.420000076293945,26.459999084472656,24.517589569091797,19100
2018-08-07 00:00:00,26.469999313354492,26.649999618530273,26.420000076293945,26.579999923706055,24.628782272338867,4700
2018-08-08 00:00:00,26.3799991607666,26.510000228881836,26.3799991607666,26.389999389648438,24.45273208618164,19200
2018-08-09 00:00:00,26.420000076293945,26.420000076293945,26.360000610351562,26.40999984741211,24.47126007080078,5000
2018-08-10 00:00:00,26.280000686645508,26.299999237060547,26.18000030517578,26.209999084472656,24.285945892333984,10100
2018-08-13 00:00:00,26.1299991607666,26.170000076293945,25.920000076293945,26.020000457763672,24.109888076782227,4400
2018-08-14 00:00:00,26.06999969482422,26.110000610351562,25.940000534057617,25.969999313354492,24.063562393188477,9000
2018-08-15 00:00:00,25.719999313354492,25.719999313354492,25.43000030517578,25.520000457763672,23.646596908569336,26600
2018-08-16 00:00:00,25.690000534057617,25.739999771118164,25.670000076293945,25.719999313354492,23.83191680908203,10200
2018-08-17 00:00:00,25.690000534057617,25.84000015258789,25.690000534057617,25.84000015258789,23.943105697631836,4200
2018-08-20 00:00:00,25.829999923706055,26.0,25.829999923706055,25.899999618530273,23.998701095581055,11100
2018-08-21 00:00:00,26.020000457763672,26.06999969482422,25.959999084472656,26.06999969482422,24.156219482421875,8000
2018-08-22 00:00:00,26.100000381469727,26.200000762939453,26.09000015258789,26.1299991607666,24.211816787719727,11200
2018-08-23 00:00:00,26.100000381469727,26.100000381469727,25.989999771118164,26.049999237060547,24.13768768310547,11200
2018-08-24 00:00:00,26.190000534057617,26.280000686645508,26.190000534057617,26.280000686645508,24.35080337524414,6200
2018-08-27 00:00:00,26.350000381469727,26.3700008392334,26.34000015258789,26.360000610351562,24.4249324798584,7600
2018-08-28 00:00:00,26.389999389648438,26.450000762939453,26.280000686645508,26.3700008392334,24.4341983795166,16200
2018-08-29 00:00:00,26.479999542236328,26.530000686645508,26.329999923706055,26.530000686645508,24.58245277404785,15500
2018-08-30 00:00:00,26.5,26.5,26.25,26.3700008392334,24.4341983795166,14300
2018-08-31 00:00:00,26.31999969482422,26.31999969482422,26.18000030517578,26.260000228881836,24.332273483276367,81500
2018-09-04 00:00:00,26.079999923706055,26.079999923706055,25.979999542236328,26.0,24.091358184814453,11200
2018-09-05 00:00:00,25.920000076293945,26.059999465942383,25.920000076293945,25.950000762939453,24.04503059387207,37000
2018-09-06 00:00:00,25.950000762939453,26.06999969482422,25.790000915527344,25.8799991607666,23.98016929626465,21200
2018-09-07 00:00:00,25.920000076293945,25.920000076293945,25.700000762939453,25.81999969482422,23.92457389831543,49800
2018-09-10 00:00:00,25.799999237060547,25.979999542236328,25.799999237060547,25.8799991607666,23.98016929626465,6100
2018-09-11 00:00:00,25.899999618530273,25.979999542236328,25.739999771118164,25.979999542236328,24.07282829284668,19800
2018-09-12 00:00:00,26.079999923706055,26.15999984741211,26.040000915527344,26.149999618530273,24.230348587036133,16400
2018-09-13 00:00:00,26.139999389648438,26.209999084472656,26.030000686645508,26.030000686645508,24.119157791137695,21200
2018-09-14 00:00:00,26.25,26.25,26.0,26.049999237060547,24.13768768310547,8400
2018-09-17 00:00:00,26.049999237060547,26.219999313354492,26.049999237060547,26.059999465942383,24.14695167541504,10200
2018-09-18 00:00:00,26.389999389648438,26.389999389648438,26.229999542236328,26.270000457763672,24.341541290283203,7600
2018-09-19 00:00:00,26.149999618530273,26.40999984741211,26.149999618530273,26.350000381469727,24.415668487548828,5400
2018-09-20 00:00:00,26.420000076293945,26.549999237060547,26.420000076293945,26.530000686645508,24.58245277404785,4000
2018-09-21 00:00:00,26.579999923706055,26.579999923706055,26.469999313354492,26.479999542236328,24.536121368408203,6000
2018-09-24 00:00:00,26.579999923706055,26.579999923706055,26.440000534057617,26.510000228881836,24.653301239013672,5400
2018-09-25 00:00:00,26.600000381469727,26.6200008392334,26.520000457763672,26.520000457763672,24.662599563598633,11700
2018-09-26 00:00:00,26.510000228881836,26.56999969482422,26.459999084472656,26.510000228881836,24.653301239013672,15700
2018-09-27 00:00:00,26.489999771118164,26.530000686645508,26.40999984741211,26.40999984741211,24.560302734375,5400
2018-09-28 00:00:00,26.360000610351562,26.610000610351562,26.360000610351562,26.459999084472656,24.606800079345703,11500
2018-10-01 00:00:00,26.56999969482422,26.75,26.56999969482422,26.719999313354492,24.848590850830078,37300
2018-10-02 00:00:00,26.700000762939453,26.799999237060547,26.68000030517578,26.709999084472656,24.839290618896484,39600
2018-10-03 00:00:00,26.760000228881836,26.850000381469727,26.670000076293945,26.670000076293945,24.802095413208008,19500
2018-10-04 00:00:00,26.649999618530273,26.649999618530273,26.40999984741211,26.520000457763672,24.662599563598633,29400
2018-10-05 00:00:00,26.479999542236328,26.479999542236328,26.360000610351562,26.360000610351562,24.513805389404297,7700
2018-10-08 00:00:00,26.3700008392334,26.479999542236328,26.309999465942383,26.420000076293945,24.569604873657227,43400
2018-10-09 00:00:00,26.329999923706055,26.559999465942383,26.329999923706055,26.549999237060547,24.690500259399414,10200
2018-10-10 00:00:00,26.510000228881836,26.510000228881836,25.899999618530273,25.899999618530273,24.086023330688477,81500
2018-10-11 00:00:00,25.899999618530273,25.969999313354492,25.65999984741211,25.770000457763672,23.96512794494629,14900
2018-10-12 00:00:00,26.079999923706055,26.079999923706055,25.649999618530273,25.850000381469727,24.03952407836914,7600
2018-10-15 00:00:00,25.739999771118164,25.850000381469727,25.739999771118164,25.770000457763672,23.96512794494629,9900
2018-10-16 00:00:00,25.920000076293945,26.110000610351562,25.8700008392334,26.110000610351562,24.281314849853516,9400
2018-10-17 00:00:00,26.079999923706055,26.079999923706055,25.799999237060547,25.799999237060547,23.993024826049805,25000
2018-10-18 00:00:00,25.75,25.799999237060547,25.579999923706055,25.700000762939453,23.900028228759766,17000
2018-10-19 00:00:00,25.860000610351562,25.860000610351562,25.6299991607666,25.739999771118164,23.93722915649414,16000
2018-10-22 00:00:00,25.760000228881836,25.760000228881836,25.540000915527344,25.6200008392334,23.825632095336914,11800
2018-10-23 00:00:00,25.459999084472656,25.459999084472656,25.139999389648438,25.350000381469727,23.574542999267578,18900
2018-10-24 00:00:00,25.18000030517578,25.18000030517578,24.850000381469727,24.940000534057617,23.19325828552246,15000
2018-10-25 00:00:00,24.950000762939453,25.049999237060547,24.950000762939453,24.969999313354492,23.22115707397461,10900
2018-10-26 00:00:00,24.65999984741211,25.059999465942383,24.65999984741211,24.90999984741211,23.165359497070312,12800
2018-10-29 00:00:00,25.1299991607666,25.1299991607666,24.799999237060547,24.799999237060547,23.063060760498047,9400
2018-10-30 00:00:00,24.8799991607666,24.979999542236328,24.81999969482422,24.920000076293945,23.174657821655273,12100
2018-10-31 00:00:00,25.06999969482422,25.06999969482422,24.950000762939453,25.010000228881836,23.25835418701172,7700
2018-11-01 00:00:00,25.290000915527344,25.290000915527344,25.020000457763672,25.1299991607666,23.369951248168945,267000
2018-11-02 00:00:00,25.15999984741211,25.15999984741211,24.969999313354492,25.049999237060547,23.29555320739746,11000
2018-11-05 00:00:00,25.100000381469727,25.299999237060547,25.100000381469727,25.139999389648438,23.379247665405273,17300
2018-11-06 00:00:00,25.260000228881836,25.34000015258789,25.110000610351562,25.209999084472656,23.444347381591797,20400
2018-11-07 00:00:00,25.440000534057617,25.440000534057617,25.280000686645508,25.440000534057617,23.658235549926758,33500
2018-11-08 00:00:00,25.31999969482422,25.34000015258789,25.170000076293945,25.25,23.48154640197754,6500
2018-11-09 00:00:00,25.100000381469727,25.100000381469727,24.899999618530273,24.950000762939453,23.202560424804688,9700
2018-11-12 00:00:00,25.0,25.0,24.780000686645508,24.780000686645508,23.04446792602539,17000
2018-11-13 00:00:00,24.729999542236328,24.860000610351562,24.5,24.56999969482422,22.849170684814453,33200
2018-11-14 00:00:00,24.709999084472656,24.709999084472656,24.5,24.520000457763672,22.80267333984375,14600
2018-11-15 00:00:00,24.420000076293945,24.700000762939453,24.420000076293945,24.670000076293945,22.942167282104492,18800
2018-11-16 00:00:00,24.780000686645508,24.8700008392334,24.739999771118164,24.809999465942383,23.072362899780273,16500
2018-11-19 00:00:00,24.799999237060547,24.799999237060547,24.639999389648438,24.799999237060547,23.063060760498047,20600
2018-11-20 00:00:00,24.600000381469727,24.600000381469727,24.18000030517578,24.18000030517578,22.486486434936523,10200
2018-11-21 00:00:00,24.299999237060547,24.559999465942383,24.299999237060547,24.479999542236328,22.765472412109375,74400
2018-11-23 00:00:00,24.360000610351562,24.360000610351562,23.989999771118164,23.989999771118164,22.309797286987305,3700
2018-11-26 00:00:00,24.09000015258789,24.200000762939453,24.06999969482422,24.200000762939453,22.505088806152344,38700
2018-11-27 00:00:00,23.989999771118164,24.100000381469727,23.93000030517578,23.989999771118164,22.309797286987305,20700
2018-11-28 00:00:00,24.260000228881836,24.329999923706055,23.950000762939453,24.280000686645508,22.579486846923828,18700
2018-11-29 00:00:00,24.15999984741211,24.3799991607666,24.15999984741211,24.299999237060547,22.598081588745117,13500
2018-11-30 00:00:00,24.190000534057617,24.239999771118164,24.149999618530273,24.18000030517578,22.486486434936523,11700
2018-12-03 00:00:00,24.399999618530273,24.649999618530273,24.399999618530273,24.520000457763672,22.80267333984375,262000
2018-12-04 00:00:00,24.5,24.639999389648438,24.290000915527344,24.290000915527344,22.588783264160156,30000
2018-12-06 00:00:00,23.520000457763672,24.239999771118164,23.520000457763672,24.239999771118164,22.542285919189453,25700
2018-12-07 00:00:00,24.440000534057617,24.440000534057617,24.09000015258789,24.1299991607666,22.43998908996582,23600
2018-12-10 00:00:00,24.040000915527344,24.040000915527344,23.780000686645508,23.959999084472656,22.281896591186523,48000
2018-12-11 00:00:00,24.040000915527344,24.139999389648438,23.850000381469727,23.979999542236328,22.300493240356445,43900
2018-12-12 00:00:00,24.270000457763672,24.270000457763672,24.0,24.049999237060547,22.365589141845703,10100
2018-12-13 00:00:00,23.899999618530273,24.1299991607666,23.899999618530273,24.0,22.319095611572266,146300
2018-12-14 00:00:00,23.90999984741211,24.149999618530273,23.649999618530273,23.770000457763672,22.105201721191406,80200
2018-12-17 00:00:00,23.690000534057617,24.010000228881836,23.540000915527344,23.540000915527344,21.89131736755371,75400
2018-12-18 00:00:00,23.540000915527344,23.729999542236328,23.3799991607666,23.43000030517578,21.789016723632812,96700
2018-12-19 00:00:00,23.579999923706055,23.690000534057617,23.280000686645508,23.389999389648438,21.751815795898438,78100
2018-12-20 00:00:00,23.450000762939453,23.459999084472656,23.06999969482422,23.1299991607666,21.510028839111328,101000
2018-12-21 00:00:00,23.31999969482422,23.31999969482422,22.90999984741211,22.90999984741211,21.305435180664062,237400
2018-12-24 00:00:00,22.68000030517578,22.93000030517578,22.579999923706055,22.579999923706055,20.998550415039062,70800
2018-12-26 00:00:00,22.639999389648438,23.25,22.56999969482422,23.239999771118164,21.612323760986328,272600
2018-12-27 00:00:00,22.489999771118164,22.809999465942383,22.469999313354492,22.75,21.423044204711914,137000
2018-12-28 00:00:00,22.899999618530273,22.979999542236328,22.700000762939453,22.700000762939453,21.375965118408203,271600
2018-12-31 00:00:00,23.25,23.25,22.639999389648438,22.75,21.423044204711914,200800
2019-01-02 00:00:00,22.459999084472656,22.920000076293945,22.459999084472656,22.799999237060547,21.470129013061523,326700
2019-01-03 00:00:00,22.739999771118164,22.93000030517578,22.739999771118164,22.8700008392334,21.536046981811523,15900
2019-01-04 00:00:00,23.020000457763672,23.34000015258789,23.020000457763672,23.329999923706055,21.969213485717773,16500
2019-01-07 00:00:00,23.350000381469727,23.540000915527344,23.350000381469727,23.420000076293945,22.053966522216797,14900
2019-01-08 00:00:00,23.610000610351562,23.639999389648438,23.530000686645508,23.610000610351562,22.232887268066406,22500
2019-01-09 00:00:00,23.6200008392334,23.969999313354492,23.6200008392334,23.850000381469727,22.458887100219727,29300
2019-01-10 00:00:00,23.850000381469727,24.020000457763672,23.780000686645508,24.020000457763672,22.618968963623047,12100
2019-01-11 00:00:00,23.809999465942383,23.969999313354492,23.809999465942383,23.889999389648438,22.496551513671875,49700
2019-01-14 00:00:00,23.780000686645508,23.889999389648438,23.760000228881836,23.780000686645508,22.392969131469727,18900
2019-01-15 00:00:00,23.81999969482422,23.969999313354492,23.799999237060547,23.84000015258789,22.44947052001953,9600
2019-01-16 00:00:00,23.850000381469727,23.959999084472656,23.850000381469727,23.920000076293945,22.524803161621094,29900
2019-01-17 00:00:00,23.899999618530273,24.110000610351562,23.860000610351562,24.09000015258789,22.684886932373047,31200
2019-01-18 00:00:00,24.110000610351562,24.25,24.079999923706055,24.15999984741211,22.750802993774414,14900
2019-01-22 00:00:00,24.079999923706055,24.079999923706055,23.93000030517578,23.93000030517578,22.53421974182129,23700
2019-01-23 00:00:00,24.059999465942383,24.059999465942383,23.90999984741211,23.989999771118164,22.590721130371094,12300
2019-01-24 00:00:00,23.8799991607666,24.09000015258789,23.8799991607666,24.0,22.600139617919922,46100
2019-01-25 00:00:00,24.200000762939453,24.309999465942383,24.200000762939453,24.299999237060547,22.882638931274414,40900
2019-01-28 00:00:00,24.040000915527344,24.149999618530273,24.0,24.06999969482422,22.66605567932129,46700
2019-01-29 00:00:00,24.170000076293945,24.34000015258789,24.170000076293945,24.260000228881836,22.844972610473633,39100
2019-01-30 00:00:00,24.290000915527344,24.6200008392334,24.290000915527344,24.520000457763672,23.089807510375977,8800
2019-01-31 00:00:00,24.559999465942383,24.690000534057617,24.559999465942383,24.600000381469727,23.16514015197754,32600
2019-02-01 00:00:00,24.549999237060547,24.75,24.549999237060547,24.729999542236328,23.287555694580078,165300
2019-02-04 00:00:00,24.59000015258789,24.700000762939453,24.559999465942383,24.68000030517578,23.2404727935791,6600
2019-02-05 00:00:00,24.68000030517578,24.729999542236328,24.670000076293945,24.700000762939453,23.259305953979492,23100
2019-02-06 00:00:00,24.600000381469727,24.729999542236328,24.600000381469727,24.68000030517578,23.2404727935791,68600
2019-02-07 00:00:00,24.5,24.579999923706055,24.389999389648438,24.489999771118164,23.061555862426758,71600
2019-02-08 00:00:00,24.3799991607666,24.479999542236328,24.350000381469727,24.450000762939453,23.023887634277344,65100
2019-02-11 00:00:00,24.510000228881836,24.510000228881836,24.360000610351562,24.399999618530273,22.976808547973633,69100
2019-02-12 00:00:00,24.56999969482422,24.579999923706055,24.5,24.510000228881836,23.080387115478516,39900
2019-02-13 00:00:00,24.469999313354492,24.670000076293945,24.469999313354492,24.559999465942383,23.127471923828125,20000
2019-02-14 00:00:00,24.530000686645508,24.670000076293945,24.530000686645508,24.600000381469727,23.16514015197754,31400
2019-02-15 00:00:00,24.780000686645508,24.829999923706055,24.760000228881836,24.829999923706055,23.381723403930664,15500
2019-02-19 00:00:00,24.889999389648438,25.010000228881836,24.81999969482422,24.950000762939453,23.494726181030273,10700
2019-02-20 00:00:00,25.0,25.139999389648438,25.0,25.049999237060547,23.588891983032227,12400
2019-02-21 00:00:00,24.989999771118164,25.030000686645508,24.940000534057617,24.979999542236328,23.522974014282227,15200
2019-02-22 00:00:00,25.139999389648438,25.18000030517578,25.1299991607666,25.170000076293945,23.701892852783203,50100
2019-02-25 00:00:00,25.1299991607666,25.139999389648438,25.020000457763672,25.049999237060547,23.588891983032227,202200
2019-02-26 00:00:00,25.100000381469727,25.15999984741211,25.059999465942383,25.079999923706055,23.617143630981445,25400
2019-02-27 00:00:00,25.06999969482422,25.1299991607666,25.049999237060547,25.100000381469727,23.635974884033203,17200
2019-02-28 00:00:00,24.940000534057617,25.0,24.90999984741211,24.90999984741211,23.45705795288086,14600
2019-03-01 00:00:00,25.0,25.0,24.799999237060547,24.860000610351562,23.409976959228516,21600
2019-03-04 00:00:00,24.93000030517578,24.950000762939453,24.780000686645508,24.860000610351562,23.409976959228516,44900
2019-03-05 00:00:00,24.860000610351562,24.979999542236328,24.860000610351562,24.899999618530273,23.447641372680664,21600
2019-03-06 00:00:00,24.8700008392334,24.950000762939453,24.790000915527344,24.790000915527344,23.344058990478516,66300
2019-03-07 00:00:00,24.719999313354492,24.790000915527344,24.670000076293945,24.690000534057617,23.249887466430664,23600
2019-03-08 00:00:00,24.549999237060547,24.639999389648438,24.5,24.6299991607666,23.193389892578125,35500
2019-03-11 00:00:00,24.709999084472656,24.829999923706055,24.700000762939453,24.81999969482422,23.37230682373047,14700
2019-03-12 00:00:00,24.940000534057617,24.959999084472656,24.90999984741211,24.90999984741211,23.45705795288086,33500
2019-03-13 00:00:00,24.950000762939453,25.100000381469727,24.950000762939453,25.079999923706055,23.617143630981445,20000
2019-03-14 00:00:00,25.020000457763672,25.06999969482422,25.0,25.040000915527344,23.579477310180664,9800
2019-03-15 00:00:00,25.0,25.149999618530273,25.0,25.079999923706055,23.617143630981445,13000
2019-03-18 00:00:00,25.1299991607666,25.25,25.1200008392334,25.229999542236328,23.758394241333008,108100
2019-03-19 00:00:00,25.270000457763672,25.280000686645508,25.149999618530273,25.170000076293945,23.73952865600586,37500
2019-03-20 00:00:00,25.18000030517578,25.31999969482422,25.110000610351562,25.31999969482422,23.88100242614746,171100
2019-03-21 00:00:00,25.25,25.3700008392334,25.25,25.3700008392334,23.928163528442383,11300
2019-03-22 00:00:00,25.31999969482422,25.31999969482422,25.010000228881836,25.030000686645508,23.60748863220215,87600
2019-03-25 00:00:00,25.049999237060547,25.15999984741211,25.010000228881836,25.1299991607666,23.701805114746094,34100
2019-03-26 00:00:00,25.15999984741211,25.270000457763672,25.100000381469727,25.149999618530273,23.72066879272461,11900
2019-03-27 00:00:00,25.18000030517578,25.18000030517578,25.09000015258789,25.170000076293945,23.73952865600586,9500
2019-03-28 00:00:00,25.139999389648438,25.139999389648438,25.010000228881836,25.09000015258789,23.66407585144043,70400
2019-03-29 00:00:00,25.239999771118164,25.239999771118164,25.1299991607666,25.1299991607666,23.701805114746094,14800
2019-04-01 00:00:00,25.270000457763672,25.3700008392334,25.270000457763672,25.31999969482422,23.88100242614746,32300
2019-04-02 00:00:00,25.31999969482422,25.420000076293945,25.309999465942383,25.3799991607666,23.937591552734375,5400
2019-04-03 00:00:00,25.450000762939453,25.479999542236328,25.350000381469727,25.350000381469727,23.9093017578125,18600
2019-04-04 00:00:00,25.350000381469727,25.420000076293945,25.34000015258789,25.420000076293945,23.975322723388672,6500
2019-04-05 00:00:00,25.389999389648438,25.549999237060547,25.389999389648438,25.489999771118164,24.041345596313477,38700
2019-04-08 00:00:00,25.530000686645508,25.600000381469727,25.510000228881836,25.59000015258789,24.13566017150879,28400
2019-04-09 00:00:00,25.510000228881836,25.510000228881836,25.43000030517578,25.440000534057617,23.994184494018555,8900
2019-04-10 00:00:00,25.479999542236328,25.639999389648438,25.479999542236328,25.600000381469727,24.145090103149414,12100
2019-04-11 00:00:00,25.530000686645508,25.579999923706055,25.40999984741211,25.5,24.0507755279541,14400
2019-04-12 00:00:00,25.559999465942383,25.59000015258789,25.520000457763672,25.530000686645508,24.079071044921875,4400
2019-04-15 00:00:00,25.469999313354492,25.520000457763672,25.450000762939453,25.450000762939453,24.003616333007812,11000
2019-04-16 00:00:00,25.510000228881836,25.510000228881836,25.360000610351562,25.420000076293945,23.975322723388672,63800
2019-04-17 00:00:00,25.440000534057617,25.440000534057617,25.309999465942383,25.309999465942383,23.87157440185547,15000
2019-04-18 00:00:00,25.309999465942383,25.389999389648438,25.290000915527344,25.389999389648438,23.947023391723633,6200
2019-04-22 00:00:00,25.450000762939453,25.450000762939453,25.329999923706055,25.350000381469727,23.9093017578125,108300
2019-04-23 00:00:00,25.389999389648438,25.5,25.389999389648438,25.399999618530273,23.956459045410156,6400
2019-04-24 00:00:00,25.399999618530273,25.399999618530273,25.31999969482422,25.3799991607666,23.937591552734375,6100
2019-04-25 00:00:00,25.309999465942383,25.329999923706055,25.229999542236328,25.329999923706055,23.89043426513672,15900
2019-04-26 00:00:00,25.270000457763672,25.280000686645508,25.18000030517578,25.280000686645508,23.843280792236328,10200
2019-04-29 00:00:00,25.260000228881836,25.290000915527344,25.15999984741211,25.280000686645508,23.843280792236328,17500
2019-04-30 00:00:00,25.260000228881836,25.280000686645508,25.170000076293945,25.280000686645508,23.843280792236328,10400
2019-05-01 00:00:00,25.280000686645508,25.280000686645508,25.059999465942383,25.1200008392334,23.692371368408203,86000
2019-05-02 00:00:00,25.100000381469727,25.100000381469727,24.8799991607666,24.90999984741211,23.494304656982422,14600
2019-05-03 00:00:00,24.979999542236328,25.209999084472656,24.979999542236328,25.200000762939453,23.7678279876709,10400
2019-05-06 00:00:00,24.940000534057617,25.100000381469727,24.940000534057617,25.059999465942383,23.635780334472656,13300
2019-05-07 00:00:00,24.81999969482422,24.84000015258789,24.729999542236328,24.760000228881836,23.352832794189453,29700
2019-05-08 00:00:00,24.760000228881836,24.90999984741211,24.739999771118164,24.739999771118164,23.333969116210938,4600
2019-05-09 00:00:00,24.709999084472656,24.760000228881836,24.6200008392334,24.690000534057617,23.28680992126465,11300
2019-05-10 00:00:00,24.739999771118164,24.8700008392334,24.68000030517578,24.8700008392334,23.45658302307129,3900
2019-05-13 00:00:00,24.760000228881836,24.760000228881836,24.56999969482422,24.600000381469727,23.201923370361328,21200
2019-05-14 00:00:00,24.690000534057617,24.8700008392334,24.690000534057617,24.829999923706055,23.418851852416992,8400
2019-05-15 00:00:00,24.65999984741211,24.8799991607666,24.65999984741211,24.8700008392334,23.45658302307129,195600
2019-05-16 00:00:00,25.020000457763672,25.020000457763672,24.920000076293945,24.93000030517578,23.51317024230957,6700
2019-05-17 00:00:00,24.8700008392334,24.8700008392334,24.760000228881836,24.780000686645508,23.3716983795166,14700
2019-05-20 00:00:00,24.75,24.860000610351562,24.690000534057617,24.729999542236328,23.324535369873047,18200
2019-05-21 00:00:00,24.75,24.889999389648438,24.75,24.84000015258789,23.428285598754883,22300
2019-05-22 00:00:00,24.770000457763672,24.770000457763672,24.670000076293945,24.709999084472656,23.305675506591797,6400
2019-05-23 00:00:00,24.520000457763672,24.520000457763672,24.389999389648438,24.420000076293945,23.032154083251953,16500
2019-05-24 00:00:00,24.649999618530273,24.649999618530273,24.5,24.559999465942383,23.164196014404297,6100
2019-05-28 00:00:00,24.719999313354492,24.719999313354492,24.520000457763672,24.520000457763672,23.12647247314453,2300
2019-05-29 00:00:00,24.360000610351562,24.440000534057617,24.34000015258789,24.40999984741211,23.02272605895996,3300
2019-05-30 00:00:00,24.399999618530273,24.399999618530273,24.290000915527344,24.3700008392334,22.98499870300293,3700
2019-05-31 00:00:00,24.280000686645508,24.280000686645508,24.190000534057617,24.260000228881836,22.88124656677246,11800
2019-06-03 00:00:00,24.290000915527344,24.360000610351562,24.270000457763672,24.31999969482422,22.937835693359375,5600
2019-06-04 00:00:00,24.399999618530273,24.510000228881836,24.399999618530273,24.510000228881836,23.117040634155273,7800
2019-06-05 00:00:00,24.450000762939453,24.479999542236328,24.3799991607666,24.40999984741211,23.02272605895996,7900
2019-06-06 00:00:00,24.530000686645508,24.649999618530273,24.489999771118164,24.6299991607666,23.2302188873291,18300
2019-06-07 00:00:00,24.670000076293945,24.780000686645508,24.65999984741211,24.760000228881836,23.352832794189453,4000
2019-06-10 00:00:00,24.799999237060547,24.799999237060547,24.690000534057617,24.709999084472656,23.305675506591797,6300
2019-06-11 00:00:00,25.010000228881836,25.010000228881836,24.770000457763672,24.829999923706055,23.418851852416992,43300
2019-06-12 00:00:00,24.770000457763672,24.809999465942383,24.670000076293945,24.700000762939453,23.296241760253906,17500
2019-06-13 00:00:00,24.90999984741211,24.90999984741211,24.799999237060547,24.8700008392334,23.45658302307129,7700
2019-06-14 00:00:00,24.790000915527344,24.8799991607666,24.790000915527344,24.829999923706055,23.418851852416992,13500
2019-06-17 00:00:00,24.75,24.84000015258789,24.75,24.81999969482422,23.409420013427734,5500
2019-06-18 00:00:00,25.059999465942383,25.1299991607666,25.010000228881836,25.020000457763672,23.59805679321289,3300
2019-06-19 00:00:00,25.100000381469727,25.219999313354492,25.030000686645508,25.170000076293945,23.73952865600586,12300
2019-06-20 00:00:00,25.459999084472656,25.510000228881836,25.389999389648438,25.459999084472656,24.01304817199707,11700
2019-06-21 00:00:00,25.440000534057617,25.5,25.3700008392334,25.389999389648438,23.947023391723633,3600
2019-06-24 00:00:00,25.469999313354492,25.469999313354492,25.389999389648438,25.399999618530273,23.956459045410156,4500
2019-06-25 00:00:00,25.18000030517578,25.209999084472656,25.059999465942383,25.059999465942383,23.891630172729492,5900
2019-06-26 00:00:00,25.18000030517578,25.200000762939453,25.1200008392334,25.18000030517578,24.00603675842285,44700
2019-06-27 00:00:00,25.18000030517578,25.209999084472656,25.100000381469727,25.200000762939453,24.025104522705078,7300
2019-06-28 00:00:00,25.290000915527344,25.290000915527344,25.149999618530273,25.229999542236328,24.0537052154541,16500
2019-07-01 00:00:00,25.290000915527344,25.329999923706055,25.079999923706055,25.229999542236328,24.0537052154541,31100
2019-07-02 00:00:00,25.309999465942383,25.309999465942383,25.079999923706055,25.1299991607666,23.95836639404297,34000
2019-07-03 00:00:00,25.299999237060547,25.309999465942383,25.170000076293945,25.290000915527344,24.11090850830078,6100
2019-07-05 00:00:00,25.09000015258789,25.190000534057617,25.09000015258789,25.170000076293945,23.99650001525879,86400
2019-07-08 00:00:00,25.200000762939453,25.219999313354492,25.149999618530273,25.209999084472656,24.034637451171875,4000
2019-07-09 00:00:00,25.110000610351562,25.209999084472656,25.06999969482422,25.209999084472656,24.034637451171875,16000
2019-07-10 00:00:00,25.329999923706055,25.399999618530273,25.239999771118164,25.399999618530273,24.215778350830078,6000
2019-07-11 00:00:00,25.489999771118164,25.489999771118164,25.219999313354492,25.280000686645508,24.10137367248535,4300
2019-07-12 00:00:00,25.350000381469727,25.420000076293945,25.280000686645508,25.329999923706055,24.14904022216797,11300
2019-07-15 00:00:00,25.389999389648438,25.389999389648438,25.260000228881836,25.309999465942383,24.129974365234375,3000
2019-07-16 00:00:00,25.31999969482422,25.350000381469727,25.15999984741211,25.200000762939453,24.025104522705078,3200
2019-07-17 00:00:00,25.34000015258789,25.34000015258789,25.06999969482422,25.1200008392334,23.948833465576172,6300
2019-07-18 00:00:00,25.079999923706055,25.139999389648438,24.989999771118164,25.139999389648438,23.967899322509766,5600
2019-07-19 00:00:00,25.059999465942383,25.149999618530273,25.040000915527344,25.06999969482422,23.901165008544922,7700
2019-07-22 00:00:00,25.149999618530273,25.149999618530273,25.06999969482422,25.06999969482422,23.901165008544922,8700
2019-07-23 00:00:00,25.110000610351562,25.219999313354492,25.110000610351562,25.18000030517578,24.00603675842285,9700
2019-07-24 00:00:00,25.190000534057617,25.239999771118164,25.149999618530273,25.170000076293945,23.99650001525879,79100
2019-07-25 00:00:00,25.139999389648438,25.139999389648438,25.010000228881836,25.059999465942383,23.891630172729492,8900
2019-07-26 00:00:00,25.020000457763672,25.079999923706055,24.989999771118164,25.049999237060547,23.882097244262695,11200
2019-07-29 00:00:00,25.079999923706055,25.079999923706055,24.989999771118164,25.020000457763672,23.85349464416504,17600
2019-07-30 00:00:00,25.149999618530273,25.149999618530273,25.0,25.1299991607666,23.95836639404297,15300
2019-07-31 00:00:00,25.1299991607666,25.1299991607666,24.899999618530273,24.93000030517578,23.767690658569336,6300
2019-08-01 00:00:00,24.920000076293945,24.920000076293945,24.6200008392334,24.670000076293945,23.519811630249023,8000
2019-08-02 00:00:00,24.65999984741211,24.65999984741211,24.530000686645508,24.59000015258789,23.44354248046875,37000
2019-08-05 00:00:00,24.3700008392334,24.3700008392334,24.239999771118164,24.25,23.119396209716797,7500
2019-08-06 00:00:00,24.280000686645508,24.290000915527344,24.239999771118164,24.280000686645508,23.147998809814453,14200
2019-08-07 00:00:00,24.100000381469727,24.329999923706055,24.100000381469727,24.290000915527344,23.157529830932617,6500
2019-08-08 00:00:00,24.440000534057617,24.56999969482422,24.3799991607666,24.559999465942383,23.414941787719727,7900
2019-08-09 00:00:00,24.510000228881836,24.530000686645508,24.43000030517578,24.43000030517578,23.291004180908203,21800
2019-08-12 00:00:00,24.459999084472656,24.459999084472656,24.280000686645508,24.280000686645508,23.147998809814453,7500
2019-08-13 00:00:00,24.34000015258789,24.559999465942383,24.34000015258789,24.559999465942383,23.414941787719727,20600
2019-08-14 00:00:00,24.389999389648438,24.389999389648438,24.110000610351562,24.15999984741211,23.033588409423828,11300
2019-08-15 00:00:00,24.290000915527344,24.290000915527344,24.059999465942383,24.18000030517578,23.052658081054688,19600
2019-08-16 00:00:00,24.309999465942383,24.31999969482422,24.219999313354492,24.239999771118164,23.109859466552734,2300
2019-08-19 00:00:00,24.280000686645508,24.399999618530273,24.280000686645508,24.329999923706055,23.195667266845703,13700
2019-08-20 00:00:00,24.209999084472656,24.3700008392334,24.209999084472656,24.299999237060547,23.16706085205078,7200
2019-08-21 00:00:00,24.489999771118164,24.489999771118164,24.350000381469727,24.3700008392334,23.233802795410156,30300
2019-08-22 00:00:00,24.530000686645508,24.530000686645508,24.329999923706055,24.350000381469727,23.214733123779297,12200
2019-08-23 00:00:00,24.31999969482422,24.31999969482422,24.15999984741211,24.18000030517578,23.052658081054688,40200
2019-08-26 00:00:00,24.229999542236328,24.229999542236328,24.149999618530273,24.15999984741211,23.033588409423828,2100
2019-08-27 00:00:00,24.329999923706055,24.3700008392334,24.229999542236328,24.270000457763672,23.13846206665039,14400
2019-08-28 00:00:00,24.309999465942383,24.40999984741211,24.309999465942383,24.360000610351562,23.22426986694336,19300
2019-08-29 00:00:00,24.56999969482422,24.56999969482422,24.469999313354492,24.469999313354492,23.329137802124023,9000
2019-08-30 00:00:00,24.559999465942383,24.559999465942383,24.420000076293945,24.440000534057617,23.300539016723633,5900
2019-09-03 00:00:00,24.3700008392334,24.459999084472656,24.3700008392334,24.43000030517578,23.291004180908203,4500
2019-09-04 00:00:00,24.530000686645508,24.719999313354492,24.530000686645508,24.719999313354492,23.56748390197754,19200
2019-09-05 00:00:00,24.850000381469727,24.889999389648438,24.709999084472656,24.75,23.59608268737793,7400
2019-09-06 00:00:00,24.770000457763672,24.799999237060547,24.739999771118164,24.75,23.59608268737793,37400
2019-09-09 00:00:00,24.739999771118164,24.799999237060547,24.739999771118164,24.799999237060547,23.64375114440918,5100
2019-09-10 00:00:00,24.8799991607666,24.90999984741211,24.809999465942383,24.84000015258789,23.6818904876709,23300
2019-09-11 00:00:00,24.850000381469727,24.93000030517578,24.84000015258789,24.860000610351562,23.700956344604492,10200
2019-09-12 00:00:00,24.860000610351562,24.920000076293945,24.799999237060547,24.889999389648438,23.729555130004883,4700
2019-09-13 00:00:00,24.959999084472656,24.959999084472656,24.850000381469727,24.889999389648438,23.729555130004883,7000
2019-09-16 00:00:00,25.239999771118164,25.239999771118164,25.09000015258789,25.139999389648438,23.967899322509766,13600
2019-09-17 00:00:00,25.139999389648438,25.139999389648438,25.09000015258789,25.09000015258789,23.920230865478516,2500
2019-09-18 00:00:00,24.979999542236328,25.09000015258789,24.93000030517578,25.0,23.834426879882812,8100
2019-09-19 00:00:00,24.989999771118164,25.200000762939453,24.989999771118164,25.079999923706055,23.91069984436035,22400
2019-09-20 00:00:00,25.059999465942383,25.100000381469727,25.0,25.059999465942383,23.891630172729492,144300
2019-09-23 00:00:00,25.049999237060547,25.09000015258789,25.030000686645508,25.059999465942383,23.891630172729492,15000
2019-09-24 00:00:00,24.93000030517578,24.93000030517578,24.799999237060547,24.81999969482422,23.758573532104492,10300
2019-09-25 00:00:00,24.729999542236328,24.8700008392334,24.719999313354492,24.799999237060547,23.73942756652832,12200
2019-09-26 00:00:00,24.829999923706055,24.84000015258789,24.739999771118164,24.84000015258789,23.777721405029297,20600
2019-09-27 00:00:00,24.84000015258789,24.84000015258789,24.739999771118164,24.739999771118164,23.681995391845703,6900
2019-09-30 00:00:00,24.6200008392334,24.770000457763672,24.6200008392334,24.739999771118164,23.681995391845703,8300
2019-10-01 00:00:00,24.729999542236328,24.729999542236328,24.559999465942383,24.579999923706055,23.528837203979492,5000
2019-10-02 00:00:00,24.549999237060547,24.549999237060547,24.329999923706055,24.3700008392334,23.327821731567383,4400
2019-10-03 00:00:00,24.360000610351562,24.469999313354492,24.329999923706055,24.459999084472656,23.413970947265625,9700
2019-10-04 00:00:00,24.5,24.639999389648438,24.5,24.6299991607666,23.57670021057129,46000
2019-10-07 00:00:00,24.56999969482422,24.690000534057617,24.56999969482422,24.600000381469727,23.54798126220703,2200
2019-10-08 00:00:00,24.600000381469727,24.600000381469727,24.420000076293945,24.420000076293945,23.375680923461914,11700
2019-10-09 00:00:00,24.489999771118164,24.600000381469727,24.489999771118164,24.540000915527344,23.490549087524414,4900
2019-10-10 00:00:00,24.559999465942383,24.649999618530273,24.559999465942383,24.6200008392334,23.567129135131836,16000
2019-10-11 00:00:00,24.770000457763672,24.899999618530273,24.770000457763672,24.850000381469727,23.787290573120117,3900
2019-10-14 00:00:00,24.709999084472656,24.760000228881836,24.709999084472656,24.75,23.69156837463379,4800
2019-10-15 00:00:00,24.760000228881836,24.8700008392334,24.739999771118164,24.81999969482422,23.758573532104492,6400
2019-10-16 00:00:00,24.760000228881836,24.829999923706055,24.719999313354492,24.790000915527344,23.729860305786133,10100
2019-10-17 00:00:00,24.850000381469727,24.850000381469727,24.790000915527344,24.809999465942383,23.74900245666504,5300
2019-10-18 00:00:00,24.780000686645508,24.899999618530273,24.780000686645508,24.850000381469727,23.787290573120117,51700
2019-10-21 00:00:00,24.90999984741211,24.93000030517578,24.8700008392334,24.899999618530273,23.835153579711914,2800
2019-10-22 00:00:00,24.8700008392334,25.030000686645508,24.8700008392334,24.989999771118164,23.92130470275879,3300
2019-10-23 00:00:00,24.93000030517578,25.079999923706055,24.93000030517578,25.06999969482422,23.997882843017578,5400
2019-10-24 00:00:00,25.149999618530273,25.18000030517578,25.100000381469727,25.1299991607666,24.05531883239746,3600
2019-10-25 00:00:00,25.149999618530273,25.15999984741211,25.100000381469727,25.1299991607666,24.05531883239746,6600
2019-10-28 00:00:00,25.15999984741211,25.200000762939453,25.1299991607666,25.1299991607666,24.05531883239746,18200
2019-10-29 00:00:00,25.049999237060547,25.149999618530273,25.049999237060547,25.1200008392334,24.045747756958008,3300
2019-10-30 00:00:00,25.1200008392334,25.1200008392334,25.010000228881836,25.06999969482422,23.997882843017578,4600
2019-10-31 00:00:00,25.06999969482422,25.06999969482422,24.959999084472656,25.010000228881836,23.940448760986328,4300
2019-11-01 00:00:00,25.049999237060547,25.3700008392334,25.049999237060547,25.309999465942383,24.227619171142578,6900
2019-11-04 00:00:00,25.350000381469727,25.5,25.350000381469727,25.40999984741211,24.32334327697754,178400
2019-11-05 00:00:00,25.479999542236328,25.479999542236328,25.309999465942383,25.360000610351562,24.275484085083008,9300
2019-11-06 00:00:00,25.360000610351562,25.360000610351562,25.190000534057617,25.229999542236328,24.15104103088379,16500
2019-11-07 00:00:00,25.229999542236328,25.229999542236328,25.15999984741211,25.209999084472656,24.13189697265625,4800
2019-11-08 00:00:00,25.200000762939453,25.200000762939453,25.079999923706055,25.100000381469727,24.026599884033203,3100
2019-11-11 00:00:00,25.049999237060547,25.100000381469727,25.040000915527344,25.079999923706055,24.007457733154297,8100
2019-11-12 00:00:00,25.110000610351562,25.110000610351562,24.989999771118164,25.020000457763672,23.950021743774414,4300
2019-11-13 00:00:00,24.969999313354492,25.049999237060547,24.969999313354492,25.0,23.930877685546875,11000
2019-11-14 00:00:00,25.020000457763672,25.040000915527344,25.0,25.010000228881836,23.940448760986328,1900
2019-11-15 00:00:00,25.079999923706055,25.200000762939453,25.079999923706055,25.100000381469727,24.026599884033203,22500
2019-11-18 00:00:00,25.1299991607666,25.149999618530273,25.06999969482422,25.110000610351562,24.036174774169922,7400
2019-11-19 00:00:00,25.1200008392334,25.1299991607666,25.020000457763672,25.06999969482422,23.997882843017578,5200
2019-11-20 00:00:00,25.149999618530273,25.149999618530273,25.049999237060547,25.059999465942383,23.988309860229492,3000
2019-11-21 00:00:00,25.06999969482422,25.06999969482422,25.0,25.020000457763672,23.950021743774414,85000
2019-11-22 00:00:00,25.09000015258789,25.1299991607666,25.010000228881836,25.06999969482422,23.997882843017578,10700
2019-11-25 00:00:00,25.25,25.25,25.100000381469727,25.15999984741211,24.084033966064453,23900
2019-11-26 00:00:00,25.18000030517578,25.219999313354492,25.1200008392334,25.219999313354492,24.141468048095703,21500
2019-11-27 00:00:00,25.219999313354492,25.219999313354492,25.110000610351562,25.170000076293945,24.09360694885254,5500
2019-11-29 00:00:00,25.09000015258789,25.100000381469727,25.049999237060547,25.049999237060547,23.97873878479004,28900
2019-12-02 00:00:00,25.0,25.0,24.90999984741211,24.920000076293945,23.854299545288086,9100
2019-12-03 00:00:00,24.8799991607666,24.93000030517578,24.860000610351562,24.93000030517578,23.86387062072754,16300
2019-12-04 00:00:00,25.06999969482422,25.1299991607666,25.049999237060547,25.1200008392334,24.045747756958008,113700
2019-12-05 00:00:00,25.1200008392334,25.1200008392334,25.040000915527344,25.09000015258789,24.017026901245117,7700
2019-12-06 00:00:00,25.149999618530273,25.219999313354492,25.149999618530273,25.209999084472656,24.13189697265625,15600
2019-12-09 00:00:00,25.219999313354492,25.270000457763672,25.209999084472656,25.239999771118164,24.160614013671875,13300
2019-12-10 00:00:00,25.209999084472656,25.25,25.15999984741211,25.25,24.170185089111328,14700
2019-12-11 00:00:00,25.299999237060547,25.299999237060547,25.18000030517578,25.270000457763672,24.189332962036133,5700
2019-12-12 00:00:00,25.280000686645508,25.40999984741211,25.260000228881836,25.34000015258789,24.256336212158203,7900
2019-12-13 00:00:00,25.420000076293945,25.450000762939453,25.350000381469727,25.3700008392334,24.28505516052246,19300
2019-12-16 00:00:00,25.489999771118164,25.56999969482422,25.489999771118164,25.56999969482422,24.476499557495117,5300
2019-12-17 00:00:00,25.579999923706055,25.6200008392334,25.489999771118164,25.559999465942383,24.466928482055664,7000
2019-12-18 00:00:00,25.520000457763672,25.6200008392334,25.489999771118164,25.600000381469727,24.505218505859375,6900
2019-12-19 00:00:00,25.559999465942383,25.649999618530273,25.559999465942383,25.6200008392334,24.524362564086914,5000
2019-12-20 00:00:00,25.6299991607666,25.709999084472656,25.610000610351562,25.610000610351562,24.514793395996094,8100
2019-12-23 00:00:00,25.6200008392334,25.739999771118164,25.6200008392334,25.700000762939453,24.600942611694336,14100
2019-12-24 00:00:00,25.350000381469727,25.350000381469727,25.260000228881836,25.309999465942383,24.67405891418457,7600
2019-12-26 00:00:00,25.34000015258789,25.469999313354492,25.34000015258789,25.469999313354492,24.830036163330078,11100
2019-12-27 00:00:00,25.559999465942383,25.559999465942383,25.420000076293945,25.489999771118164,24.84953498840332,10500
2019-12-30 00:00:00,25.559999465942383,25.559999465942383,25.40999984741211,25.440000534057617,24.800792694091797,11000
2019-12-31 00:00:00,25.3799991607666,25.459999084472656,25.34000015258789,25.40999984741211,24.77154541015625,41700
2020-01-02 00:00:00,25.510000228881836,25.549999237060547,25.399999618530273,25.469999313354492,24.830036163330078,37200
2020-01-03 00:00:00,25.520000457763672,25.579999923706055,25.469999313354492,25.479999542236328,24.839786529541016,15300
2020-01-06 00:00:00,25.530000686645508,25.600000381469727,25.489999771118164,25.540000915527344,24.89828109741211,4000
2020-01-07 00:00:00,25.40999984741211,25.510000228881836,25.40999984741211,25.459999084472656,24.820287704467773,13300
2020-01-08 00:00:00,25.489999771118164,25.489999771118164,25.309999465942383,25.3700008392334,24.73255157470703,8700
2020-01-09 00:00:00,25.3700008392334,25.3700008392334,25.209999084472656,25.290000915527344,24.65456199645996,36400
2020-01-10 00:00:00,25.350000381469727,25.350000381469727,25.239999771118164,25.299999237060547,24.664308547973633,39300
2020-01-13 00:00:00,25.280000686645508,25.3700008392334,25.219999313354492,25.3700008392334,24.73255157470703,6700
2020-01-14 00:00:00,25.40999984741211,25.43000030517578,25.290000915527344,25.389999389648438,24.752046585083008,18400
2020-01-15 00:00:00,25.389999389648438,25.399999618530273,25.329999923706055,25.389999389648438,24.752046585083008,5500
2020-01-16 00:00:00,25.360000610351562,25.43000030517578,25.360000610351562,25.420000076293945,24.781293869018555,6100
2020-01-17 00:00:00,25.5,25.579999923706055,25.399999618530273,25.469999313354492,24.830036163330078,9500
2020-01-21 00:00:00,25.350000381469727,25.3799991607666,25.309999465942383,25.350000381469727,24.71305274963379,6200
2020-01-22 00:00:00,25.309999465942383,25.309999465942383,25.209999084472656,25.239999771118164,24.605815887451172,6200
2020-01-23 00:00:00,25.18000030517578,25.18000030517578,25.049999237060547,25.139999389648438,24.50832748413086,31400
2020-01-24 00:00:00,25.18000030517578,25.18000030517578,24.959999084472656,25.020000457763672,24.391345977783203,28300
2020-01-27 00:00:00,24.81999969482422,24.81999969482422,24.639999389648438,24.709999084472656,24.089134216308594,17300
2020-01-28 00:00:00,24.790000915527344,24.790000915527344,24.700000762939453,24.760000228881836,24.13787841796875,21800
2020-01-29 00:00:00,24.809999465942383,24.84000015258789,24.709999084472656,24.729999542236328,24.108631134033203,4200
2020-01-30 00:00:00,24.65999984741211,24.709999084472656,24.549999237060547,24.700000762939453,24.079383850097656,12000
2020-01-31 00:00:00,24.6299991607666,24.6299991607666,24.40999984741211,24.450000762939453,23.83566665649414,10200
2020-02-03 00:00:00,24.399999618530273,24.469999313354492,24.149999618530273,24.350000381469727,23.73818016052246,8800
2020-02-04 00:00:00,24.469999313354492,24.540000915527344,24.459999084472656,24.479999542236328,23.864912033081055,16200
2020-02-05 00:00:00,24.579999923706055,24.760000228881836,24.579999923706055,24.729999542236328,24.108631134033203,14200
2020-02-06 00:00:00,24.690000534057617,24.739999771118164,24.68000030517578,24.719999313354492,24.0988826751709,8600
2020-02-07 00:00:00,24.59000015258789,24.670000076293945,24.59000015258789,24.65999984741211,24.040388107299805,64200
2020-02-10 00:00:00,24.6200008392334,24.639999389648438,24.549999237060547,24.59000015258789,23.972148895263672,11500
2020-02-11 00:00:00,24.729999542236328,24.799999237060547,24.729999542236328,24.729999542236328,24.108631134033203,4100
2020-02-12 00:00:00,24.920000076293945,24.920000076293945,24.81999969482422,24.850000381469727,24.225616455078125,9000
2020-02-13 00:00:00,24.760000228881836,24.8799991607666,24.760000228881836,24.81999969482422,24.196369171142578,12500
2020-02-14 00:00:00,24.790000915527344,24.8799991607666,24.780000686645508,24.81999969482422,24.196369171142578,12300
2020-02-18 00:00:00,24.860000610351562,24.860000610351562,24.75,24.829999923706055,24.206117630004883,23600
2020-02-19 00:00:00,24.84000015258789,24.93000030517578,24.84000015258789,24.8799991607666,24.25486183166504,6000
2020-02-20 00:00:00,24.8799991607666,24.940000534057617,24.850000381469727,24.8799991607666,24.25486183166504,5700
2020-02-21 00:00:00,24.81999969482422,24.90999984741211,24.809999465942383,24.809999465942383,24.186620712280273,27600
2020-02-24 00:00:00,24.360000610351562,24.459999084472656,24.31999969482422,24.389999389648438,23.77717399597168,10600
2020-02-25 00:00:00,24.389999389648438,24.389999389648438,23.920000076293945,23.940000534057617,23.338483810424805,30400
2020-02-26 00:00:00,23.959999084472656,23.979999542236328,23.700000762939453,23.780000686645508,23.18250274658203,29400
2020-02-27 00:00:00,23.530000686645508,23.530000686645508,23.15999984741211,23.170000076293945,22.587825775146484,20800
2020-02-28 00:00:00,22.6200008392334,22.8700008392334,22.31999969482422,22.729999542236328,22.15888214111328,81100
2020-03-02 00:00:00,22.860000610351562,23.209999084472656,22.799999237060547,23.209999084472656,22.626821517944336,6600
2020-03-03 00:00:00,23.34000015258789,23.440000534057617,23.190000534057617,23.239999771118164,22.656068801879883,39400
2020-03-04 00:00:00,23.6299991607666,24.010000228881836,23.360000610351562,23.68000030517578,23.085012435913086,13200
2020-03-05 00:00:00,23.459999084472656,23.459999084472656,23.18000030517578,23.260000228881836,22.675567626953125,9000
2020-03-06 00:00:00,22.770000457763672,22.93000030517578,22.540000915527344,22.770000457763672,22.197879791259766,72000
2020-03-09 00:00:00,21.40999984741211,21.649999618530273,19.440000534057617,21.229999542236328,20.696571350097656,38500
2020-03-10 00:00:00,21.920000076293945,21.920000076293945,21.1299991607666,21.450000762939453,20.91104507446289,14000
2020-03-11 00:00:00,21.049999237060547,21.100000381469727,20.600000381469727,20.670000076293945,20.150644302368164,11600
2020-03-12 00:00:00,19.34000015258789,19.6299991607666,18.950000762939453,19.06999969482422,18.590843200683594,42200
2020-03-13 00:00:00,19.829999923706055,19.8700008392334,18.8700008392334,19.8700008392334,19.370742797851562,335200
2020-03-16 00:00:00,18.559999465942383,18.639999389648438,18.059999465942383,18.100000381469727,17.645219802856445,101100
2020-03-17 00:00:00,18.040000915527344,18.559999465942383,17.8700008392334,18.219999313354492,17.7622013092041,59300
2020-03-18 00:00:00,17.040000915527344,17.68000030517578,16.579999923706055,17.049999237060547,16.621599197387695,173100
2020-03-19 00:00:00,16.639999389648438,17.450000762939453,16.020000457763672,17.200000762939453,16.76782989501953,94800
2020-03-20 00:00:00,17.610000610351562,17.719999313354492,17.299999237060547,17.440000534057617,17.001802444458008,29100
2020-03-23 00:00:00,17.239999771118164,17.43000030517578,17.0,17.1299991607666,16.699588775634766,362400
2020-03-24 00:00:00,17.940000534057617,18.34000015258789,17.829999923706055,18.34000015258789,17.952547073364258,76700
2020-03-25 00:00:00,18.579999923706055,19.1200008392334,18.280000686645508,18.889999389648438,18.490928649902344,64000
2020-03-26 00:00:00,19.040000915527344,19.5,18.90999984741211,19.309999465942383,18.902053833007812,55900
2020-03-27 00:00:00,19.049999237060547,19.110000610351562,18.770000457763672,18.940000534057617,18.539871215820312,47400
2020-03-30 00:00:00,18.8700008392334,19.1299991607666,18.81999969482422,19.1299991607666,18.72585678100586,22300
2020-03-31 00:00:00,18.829999923706055,19.229999542236328,18.829999923706055,19.1200008392334,18.716068267822266,60400
2020-04-01 00:00:00,18.59000015258789,18.690000534057617,18.469999313354492,18.469999313354492,18.079801559448242,27900
2020-04-02 00:00:00,18.510000228881836,19.09000015258789,18.510000228881836,18.940000534057617,18.539871215820312,100100
2020-04-03 00:00:00,19.059999465942383,19.059999465942383,18.610000610351562,18.700000762939453,18.304941177368164,4500
2020-04-06 00:00:00,19.200000762939453,19.350000381469727,19.079999923706055,19.31999969482422,18.91184425354004,30600
2020-04-07 00:00:00,19.8700008392334,19.8799991607666,19.469999313354492,19.549999237060547,19.13698387145996,37300
2020-04-08 00:00:00,19.610000610351562,19.84000015258789,19.520000457763672,19.84000015258789,19.42085838317871,32000
2020-04-09 00:00:00,20.170000076293945,20.3700008392334,20.010000228881836,20.260000228881836,19.831987380981445,22100
2020-04-13 00:00:00,20.270000457763672,20.280000686645508,20.149999618530273,20.25,19.82219696044922,12400
2020-04-14 00:00:00,20.34000015258789,20.469999313354492,20.290000915527344,20.3700008392334,19.939661026000977,32400
2020-04-15 00:00:00,19.899999618530273,19.899999618530273,19.719999313354492,19.81999969482422,19.401281356811523,14300
2020-04-16 00:00:00,19.68000030517578,19.770000457763672,19.540000915527344,19.579999923706055,19.166351318359375,13200
2020-04-17 00:00:00,19.719999313354492,20.020000457763672,19.639999389648438,20.020000457763672,19.597057342529297,98700
2020-04-20 00:00:00,19.559999465942383,19.959999084472656,19.559999465942383,19.780000686645508,19.36212921142578,45000
2020-04-21 00:00:00,19.459999084472656,19.469999313354492,19.260000228881836,19.309999465942383,18.902053833007812,14700
2020-04-22 00:00:00,19.56999969482422,19.690000534057617,19.520000457763672,19.600000381469727,19.185928344726562,79000
2020-04-23 00:00:00,19.729999542236328,19.959999084472656,19.540000915527344,19.68000030517578,19.264238357543945,41600
2020-04-24 00:00:00,19.790000915527344,19.790000915527344,19.670000076293945,19.68000030517578,19.264238357543945,12900
2020-04-27 00:00:00,19.760000228881836,19.770000457763672,19.719999313354492,19.770000457763672,19.352338790893555,10600
2020-04-28 00:00:00,20.110000610351562,20.149999618530273,20.0,20.0,19.577478408813477,17700
2020-04-29 00:00:00,20.200000762939453,20.450000762939453,20.200000762939453,20.399999618530273,19.969026565551758,9400
2020-04-30 00:00:00,20.309999465942383,20.34000015258789,20.1200008392334,20.200000762939453,19.773256301879883,24900
2020-05-01 00:00:00,19.829999923706055,19.90999984741211,19.780000686645508,19.850000381469727,19.430648803710938,7400
2020-05-04 00:00:00,19.649999618530273,19.93000030517578,19.649999618530273,19.93000030517578,19.508956909179688,22200
2020-05-05 00:00:00,20.0,20.219999313354492,20.0,20.049999237060547,19.626419067382812,15500
2020-05-06 00:00:00,20.030000686645508,20.030000686645508,19.799999237060547,19.799999237060547,19.381702423095703,9300
2020-05-07 00:00:00,20.110000610351562,20.139999389648438,19.979999542236328,19.979999542236328,19.557899475097656,12300
2020-05-08 00:00:00,20.25,20.389999389648438,20.25,20.360000610351562,19.929874420166016,9200
2020-05-11 00:00:00,20.190000534057617,20.219999313354492,20.149999618530273,20.15999984741211,19.734098434448242,27100
2020-05-12 00:00:00,20.149999618530273,20.149999618530273,19.889999389648438,19.889999389648438,19.46980094909668,6400
2020-05-13 00:00:00,19.850000381469727,19.850000381469727,19.579999923706055,19.6200008392334,19.205507278442383,5400
2020-05-14 00:00:00,19.459999084472656,19.799999237060547,19.450000762939453,19.770000457763672,19.352338790893555,20600
2020-05-15 00:00:00,19.799999237060547,19.90999984741211,19.799999237060547,19.899999618530273,19.479589462280273,18700
2020-05-18 00:00:00,20.260000228881836,20.5,20.260000228881836,20.479999542236328,20.04733657836914,13700
2020-05-19 00:00:00,20.5,20.56999969482422,20.440000534057617,20.440000534057617,20.0081844329834,14900
2020-05-20 00:00:00,20.579999923706055,20.700000762939453,20.579999923706055,20.670000076293945,20.23332405090332,28400
2020-05-21 00:00:00,20.729999542236328,20.729999542236328,20.170000076293945,20.459999084472656,20.027759552001953,178400
2020-05-22 00:00:00,20.309999465942383,20.489999771118164,20.309999465942383,20.440000534057617,20.0081844329834,12800
2020-05-26 00:00:00,20.829999923706055,20.889999389648438,20.739999771118164,20.739999771118164,20.301843643188477,52600
2020-05-27 00:00:00,20.850000381469727,20.889999389648438,20.670000076293945,20.8700008392334,20.429100036621094,23200
2020-05-28 00:00:00,21.1299991607666,21.1299991607666,19.719999313354492,20.8799991607666,20.438886642456055,23200
2020-05-29 00:00:00,20.799999237060547,21.049999237060547,20.790000915527344,20.969999313354492,20.526987075805664,16100
2020-06-01 00:00:00,20.8799991607666,21.239999771118164,20.8799991607666,21.209999084472656,20.76191520690918,24800
2020-06-02 00:00:00,21.299999237060547,21.489999771118164,21.299999237060547,21.459999084472656,21.006635665893555,13000
2020-06-03 00:00:00,21.489999771118164,21.799999237060547,21.489999771118164,21.719999313354492,21.261140823364258,21800
2020-06-04 00:00:00,21.56999969482422,21.770000457763672,21.56999969482422,21.709999084472656,21.251352310180664,19200
2020-06-05 00:00:00,22.209999084472656,22.219999313354492,22.139999389648438,22.149999618530273,21.682058334350586,14400
2020-06-08 00:00:00,22.209999084472656,22.459999084472656,22.209999084472656,22.440000534057617,21.965932846069336,15100
2020-06-09 00:00:00,22.1200008392334,22.280000686645508,22.1200008392334,22.260000228881836,21.789735794067383,5000
2020-06-10 00:00:00,22.190000534057617,22.280000686645508,22.040000915527344,22.170000076293945,21.701635360717773,11300
2020-06-11 00:00:00,21.56999969482422,21.6200008392334,21.149999618530273,21.18000030517578,20.7325496673584,5000
2020-06-12 00:00:00,21.600000381469727,21.600000381469727,21.239999771118164,21.389999389648438,20.938114166259766,5300
2020-06-15 00:00:00,21.239999771118164,21.540000915527344,21.239999771118164,21.489999771118164,21.035999298095703,2200
2020-06-16 00:00:00,21.850000381469727,21.850000381469727,21.6299991607666,21.649999618530273,21.19261932373047,7900
2020-06-17 00:00:00,21.6299991607666,21.6299991607666,21.549999237060547,21.56999969482422,21.114309310913086,21100
2020-06-18 00:00:00,21.600000381469727,21.600000381469727,21.5,21.549999237060547,21.0947322845459,9000
2020-06-19 00:00:00,21.670000076293945,21.68000030517578,21.479999542236328,21.479999542236328,21.02621078491211,7200
2020-06-22 00:00:00,21.549999237060547,21.649999618530273,21.540000915527344,21.610000610351562,21.153465270996094,8500
2020-06-23 00:00:00,21.56999969482422,21.56999969482422,21.520000457763672,21.520000457763672,21.22942543029785,1700
2020-06-24 00:00:00,21.489999771118164,21.489999771118164,21.040000915527344,21.059999465942383,20.775638580322266,6000
2020-06-25 00:00:00,20.979999542236328,21.1299991607666,20.979999542236328,21.1299991607666,20.84469223022461,10500
2020-06-26 00:00:00,21.209999084472656,21.209999084472656,20.889999389648438,20.90999984741211,20.627662658691406,37000
2020-06-29 00:00:00,20.93000030517578,21.139999389648438,20.93000030517578,21.110000610351562,20.824962615966797,6900
2020-06-30 00:00:00,21.059999465942383,21.260000228881836,21.059999465942383,21.260000228881836,20.972938537597656,5400
2020-07-01 00:00:00,21.280000686645508,21.329999923706055,21.280000686645508,21.329999923706055,21.041990280151367,1100
2020-07-02 00:00:00,21.549999237060547,21.549999237060547,21.40999984741211,21.40999984741211,21.12091064453125,10700
2020-07-06 00:00:00,21.530000686645508,21.559999465942383,21.510000228881836,21.549999237060547,21.259021759033203,2700
2020-07-07 00:00:00,21.489999771118164,21.489999771118164,21.350000381469727,21.350000381469727,21.061721801757812,8600
2020-07-08 00:00:00,21.5,21.5,21.420000076293945,21.489999771118164,21.199831008911133,41700
2020-07-09 00:00:00,21.399999618530273,21.399999618530273,21.18000030517578,21.219999313354492,20.9334774017334,7200
2020-07-10 00:00:00,21.329999923706055,21.3799991607666,21.299999237060547,21.350000381469727,21.061721801757812,7700
2020-07-13 00:00:00,21.43000030517578,21.530000686645508,21.280000686645508,21.280000686645508,20.992666244506836,5400
2020-07-14 00:00:00,21.350000381469727,21.56999969482422,21.34000015258789,21.56999969482422,21.278749465942383,4600
2020-07-15 00:00:00,22.399999618530273,22.399999618530273,21.65999984741211,21.790000915527344,21.49578094482422,9500
2020-07-16 00:00:00,21.770000457763672,21.770000457763672,21.6299991607666,21.68000030517578,21.387264251708984,4200
2020-07-17 00:00:00,21.770000457763672,21.790000915527344,21.690000534057617,21.790000915527344,21.49578094482422,2600
2020-07-20 00:00:00,21.68000030517578,21.75,21.670000076293945,21.670000076293945,21.37740135192871,9300
2020-07-21 00:00:00,21.989999771118164,22.049999237060547,21.93000030517578,21.969999313354492,21.67334747314453,3500
2020-07-22 00:00:00,21.780000686645508,22.059999465942383,21.780000686645508,22.020000457763672,21.722675323486328,7400
2020-07-23 00:00:00,21.899999618530273,22.079999923706055,21.899999618530273,21.940000534057617,21.643756866455078,4100
2020-07-24 00:00:00,22.010000228881836,22.010000228881836,21.899999618530273,21.979999542236328,21.68321418762207,4200
2020-07-27 00:00:00,22.06999969482422,22.149999618530273,22.030000686645508,22.1200008392334,21.821327209472656,6900
2020-07-28 00:00:00,22.049999237060547,22.139999389648438,22.020000457763672,22.100000381469727,21.80159568786621,8000
2020-07-29 00:00:00,22.190000534057617,22.309999465942383,22.190000534057617,22.309999465942383,22.008758544921875,2200
2020-07-30 00:00:00,22.010000228881836,22.100000381469727,22.0,22.079999923706055,21.781864166259766,5200
2020-07-31 00:00:00,21.959999084472656,21.989999771118164,21.889999389648438,21.989999771118164,21.69308090209961,2300
2020-08-03 00:00:00,22.020000457763672,22.170000076293945,22.020000457763672,22.170000076293945,21.870649337768555,2100
2020-08-04 00:00:00,22.15999984741211,22.389999389648438,22.15999984741211,22.360000610351562,22.058086395263672,16100
2020-08-05 00:00:00,22.68000030517578,22.68000030517578,22.530000686645508,22.549999237060547,22.24551773071289,2500
2020-08-06 00:00:00,22.549999237060547,22.579999923706055,22.520000457763672,22.559999465942383,22.255382537841797,3500
2020-08-07 00:00:00,22.34000015258789,22.43000030517578,22.31999969482422,22.43000030517578,22.127138137817383,4900
2020-08-10 00:00:00,22.670000076293945,22.670000076293945,22.559999465942383,22.59000015258789,22.28497886657715,5200
2020-08-11 00:00:00,22.6200008392334,22.709999084472656,22.440000534057617,22.440000534057617,22.137004852294922,4700
2020-08-12 00:00:00,22.549999237060547,22.649999618530273,22.549999237060547,22.600000381469727,22.294843673706055,3300
2020-08-13 00:00:00,22.610000610351562,22.610000610351562,22.520000457763672,22.549999237060547,22.24551773071289,1400
2020-08-14 00:00:00,22.530000686645508,22.56999969482422,22.520000457763672,22.549999237060547,22.24551773071289,8300
2020-08-17 00:00:00,22.690000534057617,22.719999313354492,22.670000076293945,22.700000762939453,22.39349365234375,4300
2020-08-18 00:00:00,22.729999542236328,22.770000457763672,22.700000762939453,22.729999542236328,22.42308807373047,17000
2020-08-19 00:00:00,22.729999542236328,22.75,22.479999542236328,22.510000228881836,22.206058502197266,6000
2020-08-20 00:00:00,22.389999389648438,22.5,22.3799991607666,22.489999771118164,22.186328887939453,11900
2020-08-21 00:00:00,22.280000686645508,22.3700008392334,22.280000686645508,22.3700008392334,22.067949295043945,2300
2020-08-24 00:00:00,22.559999465942383,22.579999923706055,22.520000457763672,22.56999969482422,22.265249252319336,5000
2020-08-25 00:00:00,22.489999771118164,22.56999969482422,22.489999771118164,22.56999969482422,22.265249252319336,3600
2020-08-26 00:00:00,22.549999237060547,22.579999923706055,22.510000228881836,22.530000686645508,22.22579002380371,4800
2020-08-27 00:00:00,22.56999969482422,22.56999969482422,22.43000030517578,22.479999542236328,22.176464080810547,4400
2020-08-28 00:00:00,22.649999618530273,22.729999542236328,22.6299991607666,22.709999084472656,22.403358459472656,4800
2020-08-31 00:00:00,22.81999969482422,23.299999237060547,22.290000915527344,22.6200008392334,22.314573287963867,6800
2020-09-01 00:00:00,22.6200008392334,22.670000076293945,22.559999465942383,22.649999618530273,22.34416961669922,14300
2020-09-02 00:00:00,22.649999618530273,22.709999084472656,22.6200008392334,22.709999084472656,22.403358459472656,6800
2020-09-03 00:00:00,22.719999313354492,22.719999313354492,22.399999618530273,22.489999771118164,22.186328887939453,14700
2020-09-04 00:00:00,22.5,22.530000686645508,22.270000457763672,22.420000076293945,22.11727523803711,7900
2020-09-08 00:00:00,22.09000015258789,22.25,22.09000015258789,22.139999389648438,21.841053009033203,4300
2020-09-09 00:00:00,22.260000228881836,22.389999389648438,22.260000228881836,22.360000610351562,22.058086395263672,8200
2020-09-10 00:00:00,22.350000381469727,22.350000381469727,22.100000381469727,22.1299991607666,21.831188201904297,3900
2020-09-11 00:00:00,22.190000534057617,22.190000534057617,22.110000610351562,22.190000534057617,21.890380859375,1700
2020-09-14 00:00:00,22.270000457763672,22.350000381469727,22.270000457763672,22.350000381469727,22.048219680786133,3600
2020-09-15 00:00:00,22.450000762939453,22.5,22.350000381469727,22.399999618530273,22.097543716430664,10800
2020-09-16 00:00:00,22.510000228881836,22.690000534057617,22.510000228881836,22.579999923706055,22.275114059448242,3000
2020-09-17 00:00:00,22.59000015258789,22.670000076293945,22.540000915527344,22.670000076293945,22.3638973236084,11200
2020-09-18 00:00:00,22.56999969482422,22.56999969482422,22.459999084472656,22.489999771118164,22.186328887939453,8200
2020-09-21 00:00:00,22.489999771118164,22.489999771118164,21.809999465942383,21.90999984741211,21.614160537719727,5500
2020-09-22 00:00:00,21.889999389648438,21.90999984741211,21.780000686645508,21.899999618530273,21.63886070251465,24400
2020-09-23 00:00:00,21.850000381469727,21.850000381469727,21.530000686645508,21.530000686645508,21.27327537536621,9000
2020-09-24 00:00:00,21.559999465942383,21.719999313354492,21.479999542236328,21.6200008392334,21.36220359802246,7200
2020-09-25 00:00:00,21.530000686645508,21.649999618530273,21.530000686645508,21.649999618530273,21.391843795776367,2700
2020-09-28 00:00:00,21.860000610351562,21.90999984741211,21.829999923706055,21.8700008392334,21.609220504760742,3800
2020-09-29 00:00:00,21.860000610351562,21.860000610351562,21.649999618530273,21.760000228881836,21.500532150268555,1900
2020-09-30 00:00:00,21.81999969482422,21.920000076293945,21.780000686645508,21.829999923706055,21.569698333740234,6100
2020-10-01 00:00:00,21.719999313354492,21.770000457763672,21.709999084472656,21.75,21.490650177001953,1700
2020-10-02 00:00:00,21.600000381469727,21.829999923706055,21.600000381469727,21.799999237060547,21.540054321289062,5600
2020-10-05 00:00:00,22.010000228881836,22.100000381469727,22.010000228881836,22.100000381469727,21.83647918701172,4200
2020-10-06 00:00:00,22.170000076293945,22.209999084472656,21.940000534057617,21.959999084472656,21.698144912719727,1300
2020-10-07 00:00:00,22.06999969482422,22.110000610351562,22.059999465942383,22.110000610351562,21.846359252929688,2800
2020-10-08 00:00:00,22.25,22.309999465942383,22.219999313354492,22.309999465942383,22.043973922729492,900
2020-10-09 00:00:00,22.239999771118164,22.440000534057617,22.239999771118164,22.40999984741211,22.142780303955078,5200
2020-10-12 00:00:00,22.350000381469727,22.420000076293945,22.350000381469727,22.420000076293945,22.15266227722168,1500
2020-10-13 00:00:00,22.219999313354492,22.260000228881836,22.219999313354492,22.260000228881836,21.994569778442383,2400
2020-10-14 00:00:00,22.389999389648438,22.389999389648438,22.299999237060547,22.299999237060547,22.03409194946289,1100
2020-10-15 00:00:00,22.030000686645508,22.260000228881836,22.030000686645508,22.260000228881836,21.994569778442383,2100
2020-10-16 00:00:00,22.229999542236328,22.229999542236328,22.190000534057617,22.200000762939453,21.935285568237305,15300
2020-10-19 00:00:00,22.31999969482422,22.329999923706055,22.09000015258789,22.09000015258789,21.826597213745117,2000
2020-10-20 00:00:00,22.270000457763672,22.299999237060547,22.18000030517578,22.25,21.984689712524414,7300
2020-10-21 00:00:00,22.25,22.280000686645508,22.139999389648438,22.139999389648438,21.875999450683594,2800
2020-10-22 00:00:00,22.15999984741211,22.309999465942383,22.1299991607666,22.270000457763672,22.004451751708984,15500
2020-10-23 00:00:00,22.31999969482422,22.31999969482422,22.200000762939453,22.260000228881836,21.994569778442383,2400
2020-10-26 00:00:00,22.040000915527344,22.040000915527344,21.90999984741211,21.969999313354492,21.708026885986328,3900
2020-10-27 00:00:00,21.899999618530273,21.989999771118164,21.860000610351562,21.860000610351562,21.599340438842773,8900
2020-10-28 00:00:00,21.489999771118164,21.489999771118164,21.3799991607666,21.3799991607666,21.125062942504883,17700
2020-10-29 00:00:00,21.299999237060547,21.469999313354492,21.25,21.469999313354492,21.2139892578125,6100
2020-10-30 00:00:00,21.299999237060547,21.389999389648438,21.299999237060547,21.389999389648438,21.13494300842285,2800
2020-11-02 00:00:00,21.68000030517578,21.729999542236328,21.59000015258789,21.68000030517578,21.421485900878906,3500
2020-11-03 00:00:00,21.90999984741211,21.979999542236328,21.90999984741211,21.979999542236328,21.71790885925293,700
2020-11-04 00:00:00,21.889999389648438,22.110000610351562,21.889999389648438,21.979999542236328,21.71790885925293,6100
2020-11-05 00:00:00,22.260000228881836,22.350000381469727,22.260000228881836,22.309999465942383,22.043973922729492,2300
2020-11-06 00:00:00,22.299999237060547,22.299999237060547,22.229999542236328,22.270000457763672,22.004451751708984,2800
2020-11-09 00:00:00,23.139999389648438,23.139999389648438,22.760000228881836,22.780000686645508,22.50836944580078,1300
2020-11-10 00:00:00,23.020000457763672,23.1299991607666,23.020000457763672,23.079999923706055,22.804792404174805,12500
2020-11-11 00:00:00,23.1299991607666,23.139999389648438,23.020000457763672,23.09000015258789,22.814674377441406,5000
2020-11-12 00:00:00,23.040000915527344,23.040000915527344,22.770000457763672,22.84000015258789,22.56765365600586,1500
2020-11-13 00:00:00,22.959999084472656,23.079999923706055,22.959999084472656,23.079999923706055,22.804792404174805,5000
2020-11-16 00:00:00,23.559999465942383,23.559999465942383,23.3700008392334,23.450000762939453,23.170381546020508,3300
2020-11-17 00:00:00,23.34000015258789,23.479999542236328,23.299999237060547,23.479999542236328,23.200021743774414,10600
2020-11-18 00:00:00,23.530000686645508,23.56999969482422,23.309999465942383,23.31999969482422,23.041929244995117,5600
2020-11-19 00:00:00,23.299999237060547,23.34000015258789,23.170000076293945,23.34000015258789,23.061691284179688,4200
2020-11-20 00:00:00,23.350000381469727,23.40999984741211,23.329999923706055,23.40999984741211,23.130857467651367,2500
2020-11-23 00:00:00,23.56999969482422,23.6200008392334,23.540000915527344,23.600000381469727,23.318592071533203,1700
2020-11-24 00:00:00,23.979999542236328,24.049999237060547,23.899999618530273,24.040000915527344,23.753345489501953,4900
2020-11-25 00:00:00,23.979999542236328,24.049999237060547,23.950000762939453,24.020000457763672,23.733585357666016,3600
2020-11-27 00:00:00,24.010000228881836,24.010000228881836,23.969999313354492,23.989999771118164,23.703941345214844,2100
2020-11-30 00:00:00,23.780000686645508,23.780000686645508,23.670000076293945,23.670000076293945,23.38775634765625,12400
2020-12-01 00:00:00,23.719999313354492,24.010000228881836,23.719999313354492,23.940000534057617,23.654537200927734,12500
2020-12-02 00:00:00,23.950000762939453,24.1299991607666,23.950000762939453,24.06999969482422,23.782987594604492,5700
2020-12-03 00:00:00,24.040000915527344,24.239999771118164,23.93000030517578,24.139999389648438,23.85215187072754,10700
2020-12-04 00:00:00,24.3799991607666,24.489999771118164,24.3799991607666,24.450000762939453,24.158458709716797,4300
2020-12-07 00:00:00,24.290000915527344,24.540000915527344,24.290000915527344,24.399999618530273,24.109052658081055,17100
2020-12-08 00:00:00,24.489999771118164,24.520000457763672,24.450000762939453,24.489999771118164,24.197978973388672,5400
2020-12-09 00:00:00,24.459999084472656,24.530000686645508,24.34000015258789,24.440000534057617,24.148576736450195,3300
2020-12-10 00:00:00,24.559999465942383,24.649999618530273,24.559999465942383,24.649999618530273,24.35607147216797,4200
2020-12-11 00:00:00,24.59000015258789,24.59000015258789,24.510000228881836,24.559999465942383,24.26714515686035,3100
2020-12-14 00:00:00,24.6200008392334,24.6200008392334,24.440000534057617,24.450000762939453,24.158458709716797,3900
2020-12-15 00:00:00,24.610000610351562,24.760000228881836,24.610000610351562,24.739999771118164,24.444997787475586,5700
2020-12-16 00:00:00,24.829999923706055,24.850000381469727,24.719999313354492,24.850000381469727,24.553686141967773,13600
2020-12-17 00:00:00,24.8700008392334,25.020000457763672,24.8700008392334,24.979999542236328,24.68213653564453,7500
2020-12-18 00:00:00,24.860000610351562,24.860000610351562,24.81999969482422,24.850000381469727,24.553686141967773,1000
2020-12-21 00:00:00,24.350000381469727,24.68000030517578,24.350000381469727,24.600000381469727,24.306669235229492,2100
2020-12-22 00:00:00,24.540000915527344,24.540000915527344,24.459999084472656,24.459999084472656,24.1683349609375,4600
2020-12-23 00:00:00,24.719999313354492,24.719999313354492,24.670000076293945,24.690000534057617,24.39559555053711,1000
2020-12-24 00:00:00,24.670000076293945,24.719999313354492,24.670000076293945,24.719999313354492,24.42523765563965,4000
2020-12-28 00:00:00,24.75,24.780000686645508,24.709999084472656,24.729999542236328,24.435117721557617,5800
2020-12-29 00:00:00,24.510000228881836,24.549999237060547,24.450000762939453,24.489999771118164,24.456087112426758,3400
2020-12-30 00:00:00,24.65999984741211,24.700000762939453,24.600000381469727,24.610000610351562,24.5759220123291,5000
2020-12-31 00:00:00,24.670000076293945,24.68000030517578,24.579999923706055,24.65999984741211,24.625852584838867,8800
2021-01-04 00:00:00,25.079999923706055,25.079999923706055,24.56999969482422,24.65999984741211,24.625852584838867,8200
2021-01-05 00:00:00,24.93000030517578,25.170000076293945,24.93000030517578,25.100000381469727,25.065242767333984,2900
2021-01-06 00:00:00,25.190000534057617,25.510000228881836,25.190000534057617,25.389999389648438,25.354841232299805,48200
2021-01-07 00:00:00,25.559999465942383,25.559999465942383,25.469999313354492,25.520000457763672,25.484661102294922,13800
2021-01-08 00:00:00,25.489999771118164,25.5,25.3700008392334,25.489999771118164,25.454702377319336,3900
2021-01-11 00:00:00,25.260000228881836,25.3799991607666,25.139999389648438,25.31999969482422,25.28493881225586,13800
2021-01-12 00:00:00,25.5,25.6299991607666,25.389999389648438,25.6299991607666,25.59450912475586,1500
2021-01-13 00:00:00,25.559999465942383,25.59000015258789,25.5,25.540000915527344,25.504634857177734,2200
2021-01-14 00:00:00,25.6299991607666,25.860000610351562,25.56999969482422,25.799999237060547,25.764272689819336,10900
2021-01-15 00:00:00,25.469999313354492,25.489999771118164,25.3700008392334,25.399999618530273,25.36482810974121,4900
2021-01-19 00:00:00,25.5,25.559999465942383,25.469999313354492,25.520000457763672,25.484661102294922,8900
2021-01-20 00:00:00,25.739999771118164,25.739999771118164,25.6200008392334,25.65999984741211,25.624467849731445,4900
2021-01-21 00:00:00,25.459999084472656,25.549999237060547,25.43000030517578,25.510000228881836,25.47467613220215,4600
2021-01-22 00:00:00,25.290000915527344,25.34000015258789,25.270000457763672,25.31999969482422,25.28493881225586,3800
2021-01-25 00:00:00,25.229999542236328,25.290000915527344,25.09000015258789,25.290000915527344,25.254980087280273,3500
2021-01-26 00:00:00,25.299999237060547,25.299999237060547,25.170000076293945,25.239999771118164,25.205049514770508,26100
2021-01-27 00:00:00,24.780000686645508,25.049999237060547,24.729999542236328,24.81999969482422,24.78563117980957,12100
2021-01-28 00:00:00,25.020000457763672,25.110000610351562,25.020000457763672,25.040000915527344,25.005327224731445,5300
2021-01-29 00:00:00,25.059999465942383,25.059999465942383,24.719999313354492,24.739999771118164,24.70574188232422,7200
2021-02-01 00:00:00,25.010000228881836,25.09000015258789,24.850000381469727,25.09000015258789,25.05525779724121,4400
2021-02-02 00:00:00,25.299999237060547,25.299999237060547,25.09000015258789,25.190000534057617,25.155118942260742,11500
2021-02-03 00:00:00,25.309999465942383,25.3700008392334,25.260000228881836,25.309999465942383,25.274951934814453,21500
2021-02-04 00:00:00,25.219999313354492,25.350000381469727,25.209999084472656,25.350000381469727,25.314897537231445,24200
2021-02-05 00:00:00,25.5,25.600000381469727,25.479999542236328,25.600000381469727,25.564550399780273,21400
2021-02-08 00:00:00,25.850000381469727,25.90999984741211,25.84000015258789,25.889999389648438,25.854148864746094,24600
2021-02-09 00:00:00,25.940000534057617,25.940000534057617,25.799999237060547,25.899999618530273,25.8641357421875,12000
2021-02-10 00:00:00,26.010000228881836,26.020000457763672,25.829999923706055,25.920000076293945,25.88410758972168,89900
2021-02-11 00:00:00,25.969999313354492,25.969999313354492,25.809999465942383,25.90999984741211,25.874120712280273,4300
2021-02-12 00:00:00,25.860000610351562,26.06999969482422,25.860000610351562,26.06999969482422,26.033899307250977,9000
2021-02-16 00:00:00,26.290000915527344,26.3799991607666,26.239999771118164,26.309999465942383,26.27356719970703,18000
2021-02-17 00:00:00,26.239999771118164,26.31999969482422,26.149999618530273,26.299999237060547,26.263580322265625,9200
2021-02-18 00:00:00,26.290000915527344,26.290000915527344,26.059999465942383,26.100000381469727,26.063858032226562,4600
2021-02-19 00:00:00,26.25,26.34000015258789,26.229999542236328,26.229999542236328,26.19367790222168,15200
2021-02-22 00:00:00,26.489999771118164,26.700000762939453,26.489999771118164,26.6200008392334,26.583139419555664,10600
2021-02-23 00:00:00,26.68000030517578,26.799999237060547,26.360000610351562,26.739999771118164,26.702972412109375,55900
2021-02-24 00:00:00,26.739999771118164,27.110000610351562,26.739999771118164,27.110000610351562,27.072460174560547,20300
2021-02-25 00:00:00,27.1299991607666,27.1299991607666,26.579999923706055,26.649999618530273,26.613096237182617,11700
2021-02-26 00:00:00,26.56999969482422,26.56999969482422,26.110000610351562,26.239999771118164,26.203664779663086,28600
2021-03-01 00:00:00,26.459999084472656,26.600000381469727,26.43000030517578,26.43000030517578,26.393402099609375,136100
2021-03-02 00:00:00,26.510000228881836,26.6200008392334,26.43000030517578,26.510000228881836,26.473291397094727,23800
2021-03-03 00:00:00,26.469999313354492,26.690000534057617,26.469999313354492,26.540000915527344,26.503250122070312,13000
2021-03-04 00:00:00,26.6200008392334,26.790000915527344,26.270000457763672,26.43000030517578,26.393402099609375,111000
2021-03-05 00:00:00,26.65999984741211,26.899999618530273,26.579999923706055,26.860000610351562,26.82280731201172,56900
2021-03-08 00:00:00,26.829999923706055,26.969999313354492,26.780000686645508,26.860000610351562,26.82280731201172,30200
2021-03-09 00:00:00,27.0,27.0,26.889999389648438,26.93000030517578,26.892709732055664,11800
2021-03-10 00:00:00,27.010000228881836,27.190000534057617,26.969999313354492,27.170000076293945,27.13237762451172,18000
2021-03-11 00:00:00,27.290000915527344,27.469999313354492,27.280000686645508,27.459999084472656,27.421974182128906,25800
2021-03-12 00:00:00,27.350000381469727,27.450000762939453,27.290000915527344,27.450000762939453,27.411989212036133,21900
2021-03-15 00:00:00,27.399999618530273,27.440000534057617,27.219999313354492,27.440000534057617,27.40200424194336,18600
2021-03-16 00:00:00,27.3700008392334,27.3700008392334,27.209999084472656,27.270000457763672,27.23223876953125,24300
2021-03-17 00:00:00,27.15999984741211,27.329999923706055,27.079999923706055,27.329999923706055,27.29215431213379,6100
2021-03-18 00:00:00,27.1200008392334,27.1200008392334,26.6200008392334,26.649999618530273,26.613096237182617,7400
2021-03-19 00:00:00,26.719999313354492,26.8799991607666,26.610000610351562,26.790000915527344,26.75290298461914,4000
2021-03-22 00:00:00,26.68000030517578,26.790000915527344,26.68000030517578,26.719999313354492,26.682998657226562,5600
2021-03-23 00:00:00,26.530000686645508,26.530000686645508,26.149999618530273,26.219999313354492,26.219999313354492,27800
2021-03-24 00:00:00,26.579999923706055,26.59000015258789,26.440000534057617,26.459999084472656,26.459999084472656,14300
2021-03-25 00:00:00,26.149999618530273,26.3799991607666,26.079999923706055,26.3799991607666,26.3799991607666,4500
2021-03-26 00:00:00,26.489999771118164,26.8799991607666,26.489999771118164,26.8799991607666,26.8799991607666,67200
2021-03-29 00:00:00,26.579999923706055,26.829999923706055,26.56999969482422,26.760000228881836,26.760000228881836,18800
2021-03-30 00:00:00,26.600000381469727,26.6299991607666,26.540000915527344,26.610000610351562,26.610000610351562,4600
2021-03-31 00:00:00,26.540000915527344,26.729999542236328,26.540000915527344,26.649999618530273,26.649999618530273,8900
2021-04-01 00:00:00,26.6299991607666,26.93000030517578,26.6299991607666,26.899999618530273,26.899999618530273,8500
2021-04-05 00:00:00,27.219999313354492,27.219999313354492,26.8799991607666,26.979999542236328,26.979999542236328,37800
2021-04-06 00:00:00,27.010000228881836,27.049999237060547,26.8799991607666,26.920000076293945,26.920000076293945,45300
2021-04-07 00:00:00,26.950000762939453,26.989999771118164,26.829999923706055,26.93000030517578,26.93000030517578,49000
2021-04-08 00:00:00,26.959999084472656,27.049999237060547,26.889999389648438,27.0,27.0,7100
2021-04-09 00:00:00,26.940000534057617,26.969999313354492,26.8799991607666,26.959999084472656,26.959999084472656,14800
2021-04-12 00:00:00,26.8700008392334,26.93000030517578,26.799999237060547,26.84000015258789,26.84000015258789,10400
2021-04-13 00:00:00,27.049999237060547,27.049999237060547,26.8799991607666,27.010000228881836,27.010000228881836,13400
2021-04-14 00:00:00,27.040000915527344,27.469999313354492,27.040000915527344,27.3799991607666,27.3799991607666,225100
2021-04-15 00:00:00,27.540000915527344,27.549999237060547,27.40999984741211,27.540000915527344,27.540000915527344,10700
2021-04-16 00:00:00,27.600000381469727,27.65999984741211,27.530000686645508,27.6200008392334,27.6200008392334,17100
2021-04-19 00:00:00,27.770000457763672,27.770000457763672,27.520000457763672,27.6200008392334,27.6200008392334,14600
2021-04-20 00:00:00,27.600000381469727,27.600000381469727,27.260000228881836,27.3700008392334,27.3700008392334,14800
2021-04-21 00:00:00,27.260000228881836,27.520000457763672,27.260000228881836,27.520000457763672,27.520000457763672,8000
2021-04-22 00:00:00,27.440000534057617,27.549999237060547,27.389999389648438,27.43000030517578,27.43000030517578,6800
2021-04-23 00:00:00,27.440000534057617,27.65999984741211,27.440000534057617,27.639999389648438,27.639999389648438,7100
2021-04-26 00:00:00,27.690000534057617,27.81999969482422,27.690000534057617,27.809999465942383,27.809999465942383,20100
2021-04-27 00:00:00,27.799999237060547,27.8700008392334,27.790000915527344,27.836999893188477,27.836999893188477,9690
